0 0.146316 0.495833 0.107368 0.068333
0 0.446316 0.471667 0.113684 0.083333
0 0.374211 0.480000 0.154737 0.140000
4 0.013158 0.624167 0.049474 0.165000
4 0.588421 0.259167 0.105263 0.181667
5 0.784737 0.457500 0.047368 0.141667
5 0.265789 0.385833 0.032632 0.118333
0 0.033684 0.163333 0.040000 0.033333
0 0.099474 0.139167 0.038947 0.041667
0 0.690526 0.638333 0.515789 0.260000
1 0.933684 0.320000 0.029474 0.033333
0 0.082105 0.354167 0.065263 0.065000
0 0.965789 0.474167 0.081053 0.075000
0 0.934737 0.555833 0.122105 0.095000