0 0.136742 0.484167 0.082306 0.068333
0 0.448947 0.470833 0.108421 0.078333
0 0.362172 0.481190 0.123141 0.102910
4 0.013158 0.624167 0.049474 0.165000
4 0.588421 0.259167 0.105263 0.181667
5 0.785789 0.457500 0.047368 0.141667
5 0.267678 0.385833 0.032632 0.118333
0 0.033684 0.163333 0.040000 0.033333
0 0.099474 0.139167 0.038947 0.041667
0 0.653684 0.636667 0.515789 0.260000
1 0.934737 0.321667 0.029474 0.033333
0 0.084052 0.346667 0.048739 0.063333
0 0.956316 0.479167 0.081053 0.075000
0 0.923158 0.559167 0.122105 0.095000