0 0.036316 0.397500 0.066316 0.065000
0 0.445263 0.470000 0.113684 0.083333
0 0.185789 0.422500 0.106316 0.088333
4 0.014211 0.625000 0.047368 0.156667
4 0.588421 0.257500 0.105263 0.181667
5 0.785789 0.457500 0.047368 0.141667
5 0.265789 0.384167 0.032632 0.118333
0 0.033684 0.163333 0.040000 0.033333
0 0.099474 0.139167 0.038947 0.041667
0 0.408505 0.610542 0.461053 0.221667
1 0.934737 0.318333 0.029474 0.033333
0 0.065789 0.288333 0.043158 0.056667
0 0.813684 0.512500 0.120000 0.091667
0 0.778421 0.583333 0.163158 0.103333
2 0.941579 0.486667 0.020000 0.063333
1 0.937895 0.506667 0.042105 0.056667