0 0.025789 0.384167 0.060000 0.058333
0 0.445263 0.470000 0.113684 0.083333
0 0.174820 0.407698 0.101053 0.083333
4 0.013158 0.623333 0.047368 0.156667
4 0.589474 0.257500 0.105263 0.181667
5 0.785789 0.452500 0.047368 0.141667
5 0.266842 0.384167 0.032632 0.118333
0 0.033684 0.161667 0.040000 0.033333
0 0.100526 0.137500 0.038947 0.041667
0 0.368421 0.604167 0.461053 0.221667
1 0.934737 0.320000 0.029474 0.033333
0 0.066316 0.277500 0.040000 0.051667
0 0.768805 0.522447 0.132531 0.091667
0 0.740526 0.583333 0.163158 0.103333
1 0.916842 0.519114 0.044211 0.045106
0 0.958421 0.571667 0.083158 0.106667
2 0.920008 0.496693 0.022556 0.059524