0 0.028947 0.334167 0.043158 0.051667
0 0.445263 0.470000 0.113684 0.083333
0 0.113684 0.367500 0.082105 0.078333
4 0.013158 0.626667 0.047368 0.156667
4 0.587368 0.259167 0.105263 0.181667
5 0.784737 0.457500 0.047368 0.141667
5 0.265789 0.384167 0.032632 0.118333
0 0.033684 0.162500 0.042105 0.035000
0 0.099474 0.138333 0.041053 0.043333
0 0.225263 0.566667 0.408421 0.230000
1 0.935789 0.320000 0.029474 0.033333
0 0.064211 0.249167 0.037895 0.048333
0 0.560526 0.521667 0.125263 0.086667
0 0.596316 0.585000 0.163158 0.103333
0 0.912105 0.580000 0.114737 0.106667
1 0.803158 0.541667 0.058947 0.053333
0 0.861579 0.818333 0.215789 0.123333
2 0.811579 0.511667 0.014737 0.076667