0 0.027895 0.315833 0.041053 0.048333
0 0.445263 0.466667 0.113684 0.083333
0 0.096842 0.350833 0.082105 0.078333
4 0.013158 0.626667 0.047368 0.156667
4 0.588421 0.259167 0.105263 0.181667
5 0.785789 0.455833 0.047368 0.141667
5 0.265789 0.384167 0.032632 0.118333
0 0.033684 0.163333 0.040000 0.033333
0 0.099474 0.138333 0.041053 0.043333
0 0.179474 0.555833 0.369474 0.208333
1 0.935789 0.321667 0.029474 0.033333
0 0.064211 0.240000 0.035789 0.046667
0 0.485789 0.513333 0.125263 0.086667
0 0.538421 0.584167 0.171579 0.108333
0 0.876316 0.587500 0.121053 0.111667
1 0.745789 0.545833 0.062105 0.055000
0 0.726842 0.813333 0.215789 0.123333