0 0.026842 0.307500 0.041053 0.048333
0 0.447368 0.468333 0.113684 0.083333
0 0.090000 0.341667 0.074737 0.070000
4 0.012105 0.626667 0.047368 0.156667
4 0.588421 0.259167 0.105263 0.181667
5 0.784737 0.455833 0.047368 0.141667
5 0.265789 0.384167 0.032632 0.118333
0 0.033684 0.163333 0.040000 0.033333
0 0.099474 0.139167 0.038947 0.041667
0 0.146842 0.539167 0.369474 0.208333
1 0.935789 0.320000 0.029474 0.033333
0 0.063158 0.236667 0.035789 0.046667
0 0.442632 0.507500 0.118947 0.081667
0 0.511053 0.578333 0.163158 0.103333
0 0.856316 0.590833 0.121053 0.111667
1 0.713158 0.547500 0.062105 0.055000
0 0.658421 0.810000 0.215789 0.123333