0 0.031053 0.265833 0.041053 0.048333
0 0.444211 0.466667 0.113684 0.083333
0 0.081579 0.300000 0.062105 0.073333
4 0.012105 0.623333 0.047368 0.156667
4 0.588421 0.255833 0.105263 0.181667
5 0.785789 0.459167 0.047368 0.141667
5 0.265789 0.382500 0.032632 0.118333
0 0.032632 0.163333 0.040000 0.033333
0 0.098947 0.138333 0.040000 0.043333
0 0.086842 0.484167 0.165263 0.195000
1 0.935263 0.320833 0.030526 0.035000
0 0.055789 0.214167 0.033684 0.045000
0 0.229474 0.465000 0.117895 0.080000
0 0.367895 0.556667 0.140000 0.106667
0 0.717368 0.603333 0.135789 0.116667
1 0.501053 0.536667 0.071579 0.063333
0 0.233684 0.795833 0.183158 0.115000
2 0.507226 0.509471 0.026316 0.076667
0 0.960109 0.822751 0.097744 0.126984