0 0.033158 0.247500 0.038947 0.045000
0 0.445263 0.466667 0.113684 0.083333
0 0.079474 0.280000 0.060000 0.070000
4 0.012105 0.621667 0.047368 0.156667
4 0.588421 0.257500 0.105263 0.181667
5 0.785789 0.457500 0.047368 0.141667
5 0.264737 0.384167 0.032632 0.118333
0 0.033684 0.161667 0.040000 0.033333
0 0.099474 0.137500 0.038947 0.041667
0 0.024211 0.453333 0.149474 0.176667
1 0.936316 0.320833 0.030526 0.035000
0 0.038947 0.204167 0.031579 0.041667
0 0.153684 0.425000 0.107368 0.073333
0 0.292105 0.535833 0.142105 0.101667
0 0.617368 0.601667 0.135789 0.116667
1 0.392105 0.492500 0.051579 0.061667
0 -0.039474 0.785833 0.203158 0.131667
0 0.783158 0.823333 0.204211 0.120000