0 0.034211 0.242500 0.038947 0.045000
0 0.444211 0.468333 0.113684 0.083333
0 0.080000 0.270000 0.056842 0.066667
4 0.013158 0.621667 0.047368 0.156667
4 0.588421 0.255833 0.105263 0.181667
5 0.785789 0.459167 0.047368 0.141667
5 0.264737 0.384167 0.032632 0.118333
0 0.033684 0.161667 0.040000 0.033333
0 0.099474 0.137500 0.038947 0.041667
0 0.003158 0.441667 0.157895 0.186667
1 0.937368 0.324167 0.030526 0.035000
0 0.028421 0.199167 0.031579 0.041667
0 0.123684 0.409167 0.102105 0.068333
0 0.260526 0.526667 0.135789 0.096667
0 0.572105 0.603333 0.135789 0.116667
1 0.350526 0.480000 0.054737 0.063333
0 0.675789 0.826667 0.214737 0.126667