0 0.034211 0.241667 0.036842 0.043333
0 0.444211 0.465833 0.107368 0.078333
0 0.080000 0.268333 0.056842 0.066667
4 0.013158 0.621667 0.047368 0.156667
4 0.588421 0.255833 0.105263 0.181667
5 0.785789 0.459167 0.047368 0.141667
5 0.264737 0.384167 0.032632 0.118333
0 0.033684 0.161667 0.040000 0.033333
0 0.099474 0.139167 0.038947 0.041667
0 0.003158 0.440000 0.157895 0.186667
1 0.938421 0.324167 0.030526 0.035000
0 0.027895 0.200000 0.030526 0.040000
0 0.132256 0.401230 0.073701 0.068333
0 0.260526 0.525000 0.135789 0.096667
0 0.580459 0.602500 0.129474 0.111667
1 0.347368 0.480000 0.054737 0.063333
0 0.681019 0.827989 0.214737 0.126667
0 0.979741 0.537698 0.060150 0.101852