0 0.035263 0.235000 0.036842 0.043333
0 0.445263 0.468333 0.113684 0.083333
0 0.078947 0.261667 0.056842 0.066667
4 0.012105 0.621667 0.047368 0.156667
4 0.588421 0.257500 0.105263 0.181667
5 0.784737 0.457500 0.047368 0.141667
5 0.264737 0.384167 0.032632 0.118333
0 0.033684 0.163333 0.040000 0.033333
0 0.099474 0.139167 0.038947 0.041667
0 -0.013684 0.426667 0.157895 0.186667
1 0.940526 0.324167 0.030526 0.035000
0 0.015789 0.195833 0.031579 0.041667
0 0.106316 0.382500 0.073684 0.068333
0 0.231053 0.515000 0.123158 0.086667
0 0.535263 0.602500 0.129474 0.111667
1 0.305789 0.466667 0.057895 0.066667
0 0.569474 0.828333 0.214737 0.126667
0 0.965789 0.547500 0.095789 0.101667