0 0.034211 0.226667 0.036842 0.043333
0 0.444211 0.465833 0.107368 0.078333
0 0.079474 0.251667 0.053684 0.063333
4 0.013158 0.621667 0.047368 0.156667
4 0.589474 0.257500 0.105263 0.181667
5 0.785789 0.457500 0.047368 0.141667
5 0.264737 0.384167 0.032632 0.118333
0 0.033684 0.163333 0.040000 0.033333
0 0.099474 0.139167 0.038947 0.041667
1 0.945263 0.327500 0.033684 0.038333
0 0.083684 0.357500 0.066316 0.061667
0 0.201579 0.497500 0.127368 0.091667
0 0.476316 0.594167 0.129474 0.111667
1 0.251053 0.446667 0.060000 0.070000
0 0.420000 0.830000 0.204211 0.120000
0 0.933960 0.560000 0.131078 0.106667