0 0.031579 0.215833 0.033684 0.038333
0 0.445263 0.468333 0.113684 0.083333
0 0.080000 0.238333 0.048421 0.056667
4 0.013158 0.621667 0.047368 0.156667
4 0.588421 0.257500 0.105263 0.181667
5 0.784737 0.457500 0.047368 0.141667
5 0.265789 0.384167 0.032632 0.118333
0 0.032632 0.163333 0.040000 0.033333
0 0.099474 0.139167 0.038947 0.041667
1 0.954737 0.330000 0.035789 0.040000
0 0.069474 0.325833 0.063158 0.058333
0 0.142632 0.469167 0.110526 0.078333
0 0.371053 0.577500 0.123158 0.105000
1 0.171053 0.412500 0.049474 0.058333
0 0.127368 0.850833 0.225263 0.131667
0 0.835789 0.579167 0.136842 0.111667