0 0.010526 0.195833 0.027368 0.031667
0 0.445263 0.468333 0.113684 0.083333
0 0.076842 0.210833 0.042105 0.048333
4 0.012105 0.621667 0.047368 0.156667
4 0.588421 0.257500 0.105263 0.181667
5 0.785789 0.457500 0.047368 0.141667
5 0.264737 0.384167 0.032632 0.118333
0 0.032632 0.161667 0.040000 0.033333
0 0.100526 0.137500 0.038947 0.041667
0 0.044211 0.264167 0.063158 0.058333
0 0.060518 0.403849 0.082105 0.080926
0 0.172189 0.510635 0.083425 0.100000
1 0.077895 0.329167 0.050526 0.045000
0 0.554737 0.594167 0.136842 0.111667
0 0.889758 0.840000 0.213200 0.150000