0 0.444211 0.466667 0.113684 0.083333
0 0.067368 0.200833 0.042105 0.048333
4 0.013158 0.621667 0.047368 0.156667
4 0.588421 0.257500 0.105263 0.181667
5 0.786842 0.457500 0.047368 0.141667
5 0.264737 0.384167 0.032632 0.118333
0 0.032632 0.161667 0.040000 0.033333
0 0.099474 0.137500 0.038947 0.041667
0 0.036842 0.239167 0.056842 0.051667
0 0.033684 0.365000 0.077895 0.076667
0 0.096316 0.467500 0.078947 0.095000
1 0.065263 0.300833 0.050526 0.045000
0 0.392105 0.580833 0.129474 0.105000
0 0.500000 0.858333 0.223158 0.156667