0 0.444211 0.468333 0.113684 0.083333
0 0.056842 0.192500 0.035789 0.041667
4 0.012105 0.621667 0.047368 0.156667
4 0.588421 0.257500 0.105263 0.181667
5 0.785789 0.457500 0.047368 0.141667
5 0.264737 0.385833 0.032632 0.118333
0 0.033684 0.161667 0.040000 0.033333
0 0.099474 0.137500 0.038947 0.041667
0 0.034737 0.228333 0.046316 0.043333
0 0.023684 0.337500 0.070526 0.068333
0 0.060526 0.421667 0.068421 0.070000
1 0.064737 0.276667 0.045263 0.040000
0 0.288947 0.559167 0.133684 0.105000
0 0.927895 0.305000 0.066316 0.063333
0 0.934211 0.563333 0.131579 0.100000
0 0.174737 0.890000 0.231579 0.170000