0 0.446316 0.468333 0.113684 0.083333
0 0.048421 0.190833 0.037895 0.045000
4 0.013158 0.621667 0.047368 0.156667
4 0.588421 0.257500 0.105263 0.181667
5 0.786842 0.457500 0.047368 0.141667
5 0.264737 0.385833 0.032632 0.118333
0 0.032632 0.161667 0.040000 0.033333
0 0.100526 0.139167 0.038947 0.041667
0 0.032632 0.222500 0.042105 0.038333
0 0.020000 0.327500 0.067368 0.065000
0 0.044737 0.403333 0.068421 0.070000
1 0.065789 0.265000 0.045263 0.040000
0 0.235263 0.540000 0.127368 0.100000
0 0.936842 0.309167 0.069474 0.065000
0 0.889474 0.574167 0.160000 0.105000
0 -0.028421 0.900000 0.231579 0.170000