0 0.445263 0.468333 0.113684 0.083333
0 0.042632 0.190000 0.034737 0.040000
4 0.013158 0.621667 0.047368 0.156667
4 0.588421 0.257500 0.105263 0.181667
5 0.786842 0.457500 0.047368 0.141667
5 0.264737 0.384167 0.032632 0.118333
0 0.033684 0.161667 0.040000 0.033333
0 0.100526 0.137500 0.038947 0.041667
0 0.031579 0.217500 0.042105 0.038333
0 0.017895 0.318333 0.061053 0.060000
0 0.033158 0.388333 0.068421 0.070000
1 0.067895 0.256667 0.045263 0.040000
0 0.196316 0.526667 0.127368 0.100000
0 0.942105 0.310833 0.075789 0.071667
0 0.843684 0.580000 0.167368 0.110000