0 0.445263 0.466667 0.113684 0.083333
0 0.036316 0.187500 0.032632 0.038333
4 0.011053 0.621667 0.047368 0.156667
4 0.588421 0.255833 0.105263 0.181667
5 0.786842 0.457500 0.047368 0.141667
5 0.264737 0.384167 0.032632 0.118333
0 0.032632 0.161667 0.040000 0.033333
0 0.100526 0.137500 0.038947 0.041667
0 0.030526 0.214167 0.042105 0.038333
0 0.017895 0.313333 0.061053 0.060000
0 0.028421 0.380000 0.065263 0.066667
1 0.067895 0.250000 0.045263 0.040000
0 0.176316 0.517500 0.121053 0.095000
0 0.942105 0.313333 0.080000 0.076667
0 0.805789 0.585833 0.175789 0.115000