0 0.445263 0.466667 0.113684 0.083333
0 0.030000 0.187500 0.032632 0.038333
4 0.013158 0.621667 0.047368 0.156667
4 0.588421 0.255833 0.105263 0.181667
5 0.785789 0.455833 0.047368 0.141667
5 0.264737 0.384167 0.032632 0.118333
0 0.033684 0.161667 0.040000 0.033333
0 0.099474 0.137500 0.038947 0.041667
0 0.030526 0.210833 0.042105 0.038333
0 0.017895 0.308333 0.061053 0.060000
0 0.024737 0.371667 0.062105 0.063333
1 0.068947 0.245833 0.043158 0.038333
0 0.168421 0.502500 0.109474 0.085000
0 0.966316 0.325000 0.080000 0.076667
0 0.776316 0.594167 0.163158 0.091667