0 0.445263 0.466667 0.113684 0.083333
0 0.017895 0.183333 0.031579 0.036667
4 0.012105 0.621667 0.047368 0.156667
4 0.587368 0.257500 0.105263 0.181667
5 0.785789 0.455833 0.047368 0.141667
5 0.264737 0.384167 0.032632 0.118333
0 0.032632 0.160000 0.040000 0.033333
0 0.099474 0.137500 0.038947 0.041667
0 0.028421 0.205833 0.042105 0.038333
0 0.016842 0.298333 0.061053 0.060000
0 0.019474 0.354167 0.055789 0.058333
1 0.070000 0.237500 0.043158 0.038333
0 0.126842 0.480000 0.100000 0.076667
0 0.990343 0.334603 0.064127 0.076667
0 0.696316 0.600000 0.148421 0.083333
0 0.952256 0.829167 0.098195 0.138333