0 0.447368 0.466667 0.113684 0.083333
4 0.011053 0.620000 0.047368 0.156667
4 0.585263 0.257500 0.105263 0.181667
5 0.786842 0.455833 0.047368 0.141667
5 0.263684 0.385833 0.032632 0.118333
0 0.031579 0.161667 0.040000 0.033333
0 0.099474 0.135833 0.038947 0.041667
0 0.017895 0.197500 0.037895 0.035000
0 0.020000 0.275000 0.054737 0.053333
0 0.012632 0.319167 0.050526 0.051667
1 0.062632 0.220833 0.036842 0.031667
0 0.060000 0.433333 0.088421 0.076667
0 0.501053 0.595000 0.155789 0.086667
0 0.652105 0.820833 0.188421 0.145000
0 0.934703 0.562500 0.132565 0.105000