0 0.445263 0.468333 0.113684 0.083333
4 0.011053 0.620000 0.047368 0.156667
4 0.586316 0.255833 0.105263 0.181667
5 0.785789 0.455833 0.047368 0.141667
5 0.263684 0.384167 0.032632 0.118333
0 0.030526 0.163333 0.040000 0.033333
0 0.100526 0.135833 0.038947 0.041667
0 0.023684 0.256667 0.057895 0.056667
0 0.010526 0.292500 0.048421 0.048333
1 0.057895 0.210000 0.033684 0.030000
0 0.025789 0.377500 0.072632 0.061667
0 0.325263 0.558333 0.155789 0.086667
0 0.287895 0.827500 0.180000 0.138333
0 0.761579 0.585000 0.161053 0.126667