0 0.445263 0.466667 0.113684 0.083333
4 0.012105 0.620000 0.047368 0.156667
4 0.586316 0.255833 0.105263 0.181667
5 0.785789 0.454167 0.047368 0.141667
5 0.263684 0.384167 0.032632 0.118333
0 0.031579 0.163333 0.040000 0.033333
0 0.099474 0.135833 0.038947 0.041667
0 0.025789 0.251667 0.057895 0.056667
0 0.010000 0.284167 0.043158 0.045000
1 0.055789 0.204167 0.031579 0.028333
0 0.021579 0.361667 0.066316 0.056667
0 0.298947 0.543333 0.155789 0.086667
0 0.181754 0.836812 0.197895 0.151667
0 0.708630 0.591323 0.161053 0.126667
1 0.961579 0.556667 0.049474 0.060000