0 0.444211 0.466667 0.113684 0.083333
4 0.011053 0.618333 0.047368 0.156667
4 0.585263 0.257500 0.105263 0.181667
5 0.785789 0.455833 0.047368 0.141667
5 0.263684 0.384167 0.032632 0.118333
0 0.031579 0.163333 0.040000 0.033333
0 0.099474 0.135833 0.038947 0.041667
0 0.024737 0.248333 0.057895 0.056667
0 0.010000 0.279167 0.043158 0.045000
1 0.053684 0.204167 0.031579 0.028333
0 0.020000 0.355000 0.063158 0.053333
0 0.270526 0.538333 0.155789 0.086667
0 0.103158 0.837500 0.197895 0.151667
0 0.666842 0.591667 0.161053 0.126667
1 0.943684 0.566667 0.047368 0.056667