0 0.445263 0.468333 0.113684 0.083333
4 0.011053 0.620000 0.047368 0.156667
4 0.586316 0.257500 0.105263 0.181667
5 0.785789 0.455833 0.047368 0.141667
5 0.263684 0.384167 0.032632 0.118333
0 0.031579 0.163333 0.040000 0.033333
0 0.099474 0.135833 0.038947 0.041667
0 0.027368 0.240000 0.054737 0.053333
0 0.008947 0.269167 0.043158 0.045000
1 0.050526 0.200833 0.031579 0.028333
0 0.014211 0.334167 0.060000 0.051667
0 0.207368 0.515000 0.155789 0.086667
0 0.559474 0.590000 0.161053 0.126667
1 0.891579 0.585000 0.058947 0.056667