0 0.445263 0.468333 0.113684 0.083333
4 0.010000 0.620000 0.047368 0.156667
4 0.585263 0.257500 0.105263 0.181667
5 0.785789 0.454167 0.047368 0.141667
5 0.263684 0.384167 0.032632 0.118333
0 0.031579 0.161667 0.040000 0.033333
0 0.099474 0.134167 0.038947 0.041667
0 0.029474 0.235000 0.054737 0.053333
0 0.009474 0.263333 0.040000 0.040000
1 0.049474 0.199167 0.031579 0.028333
0 0.011053 0.324167 0.060000 0.051667
0 0.175789 0.499167 0.147368 0.081667
0 0.493158 0.586667 0.152632 0.120000
1 0.849474 0.600000 0.058947 0.056667