0 0.445263 0.466667 0.113684 0.083333
4 0.010000 0.620000 0.047368 0.156667
4 0.585263 0.255833 0.105263 0.181667
5 0.785789 0.455833 0.047368 0.141667
5 0.263684 0.384167 0.032632 0.118333
0 0.031579 0.163333 0.040000 0.033333
0 0.099474 0.135833 0.038947 0.041667
0 0.031053 0.217500 0.047368 0.045000
0 0.011579 0.241667 0.040000 0.040000
1 0.034211 0.192500 0.028421 0.025000
0 0.008947 0.285000 0.051579 0.043333
0 0.083158 0.437500 0.107368 0.081667
0 0.256316 0.536667 0.152632 0.120000
1 0.619474 0.660000 0.078947 0.093333