0 0.445263 0.466667 0.113684 0.083333
4 0.011053 0.618333 0.047368 0.156667
4 0.586316 0.255833 0.105263 0.181667
5 0.785789 0.454167 0.047368 0.141667
5 0.263684 0.384167 0.032632 0.118333
0 0.032632 0.163333 0.040000 0.033333
0 0.098421 0.135833 0.038947 0.041667
0 0.031053 0.210833 0.047368 0.045000
0 0.010526 0.232500 0.037895 0.038333
1 0.023158 0.190000 0.027368 0.023333
0 0.007895 0.270000 0.051579 0.043333
0 0.050000 0.405833 0.085263 0.068333
0 0.190000 0.505000 0.123158 0.120000
1 0.470000 0.704167 0.091579 0.108333
0 0.967009 0.560000 0.070860 0.096667