0 0.446316 0.465000 0.113684 0.083333
4 0.011053 0.620000 0.047368 0.156667
4 0.585263 0.257500 0.105263 0.181667
5 0.784737 0.455833 0.047368 0.141667
5 0.263684 0.384167 0.032632 0.118333
0 0.031579 0.161667 0.040000 0.033333
0 0.100526 0.135833 0.038947 0.041667
0 0.031053 0.206667 0.045263 0.043333
0 0.011579 0.227500 0.037895 0.038333
1 0.015789 0.191667 0.027368 0.023333
0 0.007895 0.261667 0.051579 0.043333
0 0.041579 0.390000 0.062105 0.063333
0 0.147895 0.479167 0.123158 0.088333
1 0.354211 0.731667 0.095789 0.113333
0 0.923684 0.571667 0.102105 0.096667