0 0.445263 0.468333 0.113684 0.083333
4 0.011053 0.620000 0.047368 0.156667
4 0.585263 0.257500 0.105263 0.181667
5 0.784737 0.455833 0.047368 0.141667
5 0.263684 0.384167 0.032632 0.118333
0 0.031579 0.163333 0.040000 0.033333
0 0.100526 0.135833 0.038947 0.041667
0 0.031053 0.205833 0.043158 0.041667
0 0.010526 0.226667 0.035789 0.036667
0 0.007895 0.260000 0.051579 0.043333
0 0.038421 0.385000 0.062105 0.063333
0 0.138421 0.474167 0.123158 0.088333
1 0.324737 0.740000 0.095789 0.113333
0 0.923350 0.573333 0.133016 0.096667