0 0.445263 0.468333 0.113684 0.083333
4 0.011053 0.618333 0.047368 0.156667
4 0.586316 0.255833 0.105263 0.181667
5 0.785789 0.455833 0.047368 0.141667
5 0.263684 0.384167 0.032632 0.118333
0 0.031579 0.163333 0.040000 0.033333
0 0.100526 0.135833 0.038947 0.041667
0 0.031053 0.205833 0.043158 0.041667
0 0.010526 0.224167 0.037895 0.038333
0 0.007895 0.256667 0.051579 0.043333
0 0.036316 0.380000 0.062105 0.063333
0 0.130000 0.469167 0.123158 0.088333
1 0.293158 0.748333 0.095789 0.113333
0 0.907368 0.575000 0.132632 0.096667