0 0.445263 0.468333 0.113684 0.083333
4 0.010000 0.620000 0.047368 0.156667
4 0.586316 0.255833 0.105263 0.181667
5 0.785789 0.455833 0.047368 0.141667
5 0.263684 0.384167 0.032632 0.118333
0 0.030526 0.163333 0.040000 0.033333
0 0.100526 0.135833 0.038947 0.041667
0 0.031053 0.205833 0.043158 0.041667
0 0.010526 0.222500 0.037895 0.038333
0 0.007895 0.253333 0.051579 0.043333
0 0.030000 0.375000 0.062105 0.063333
0 0.112105 0.459167 0.116842 0.085000
0 0.871579 0.580000 0.138947 0.100000
1 0.224520 0.759259 0.103592 0.108466