0 0.445263 0.466667 0.113684 0.083333
4 0.010000 0.620000 0.047368 0.156667
4 0.586316 0.255833 0.105263 0.181667
5 0.785789 0.455833 0.047368 0.141667
5 0.263684 0.384167 0.032632 0.118333
0 0.031579 0.163333 0.040000 0.033333
0 0.100526 0.135833 0.038947 0.041667
0 0.031053 0.205000 0.045263 0.043333
0 0.011579 0.224167 0.037895 0.038333
0 0.008947 0.253333 0.051579 0.043333
0 0.030526 0.373333 0.058947 0.060000
0 0.113158 0.460833 0.116842 0.085000
0 0.870526 0.581667 0.138947 0.100000
1 0.224211 0.759167 0.103158 0.108333