0 0.445263 0.466667 0.113684 0.083333
4 0.011579 0.619167 0.044211 0.148333
4 0.586316 0.255833 0.105263 0.181667
5 0.784737 0.454167 0.047368 0.141667
5 0.263684 0.384167 0.032632 0.118333
0 0.030526 0.161667 0.040000 0.033333
0 0.099474 0.135833 0.038947 0.041667
0 0.030000 0.200833 0.043158 0.041667
0 0.011579 0.218333 0.035789 0.036667
0 0.008947 0.246667 0.053684 0.046667
0 0.024737 0.356667 0.053684 0.053333
0 0.084211 0.438333 0.101053 0.073333
0 0.793684 0.588333 0.138947 0.100000
1 0.078947 0.792500 0.101053 0.121667