0 0.446316 0.466667 0.113684 0.083333
4 0.011053 0.620000 0.047368 0.156667
4 0.585263 0.257500 0.105263 0.181667
5 0.785789 0.454167 0.047368 0.141667
5 0.263684 0.384167 0.032632 0.118333
0 0.031053 0.160833 0.041053 0.035000
0 0.099474 0.135833 0.038947 0.041667
0 0.025789 0.196667 0.041053 0.040000
0 0.010526 0.215833 0.033684 0.035000
0 0.010000 0.235000 0.051579 0.043333
0 0.016316 0.334167 0.051579 0.051667
0 0.048421 0.406667 0.101053 0.073333
0 0.644737 0.594167 0.167368 0.111667
0 0.899958 0.285714 0.081036 0.060847