0 0.445263 0.466667 0.113684 0.083333
4 0.012105 0.620000 0.047368 0.156667
4 0.586316 0.255833 0.105263 0.181667
5 0.784737 0.455833 0.047368 0.141667
5 0.263684 0.384167 0.032632 0.118333
0 0.031579 0.163333 0.040000 0.033333
0 0.099474 0.135833 0.038947 0.041667
0 0.023684 0.192500 0.036842 0.035000
0 0.009474 0.212500 0.033684 0.035000
0 0.011053 0.230833 0.049474 0.041667
0 0.015789 0.325000 0.046316 0.046667
0 0.046140 0.393333 0.063208 0.070000
0 0.585263 0.589167 0.147368 0.111667
0 0.918421 0.289167 0.083158 0.061667