0 0.012640 0.161479 0.045161 0.055000
0 0.445261 0.468111 0.111684 0.081111
0 0.141158 0.190811 0.101051 0.081667
0 0.012612 0.161111 0.040000 0.011111
0 0.099474 0.119167 0.018947 0.041667
0 0.101051 0.600000 0.429474 0.240000
1 0.911684 0.120000 0.029474 0.011111
0 0.065261 0.265811 0.040000 0.051667
0 0.691051 0.524167 0.111579 0.091667
0 0.685789 0.586667 0.161158 0.101111
0 0.951579 0.571667 0.101158 0.106667
2 0.881158 0.504167 0.021158 0.061667
1 0.878421 0.529167 0.051684 0.048111
0 0.971891 0.820767 0.068505 0.117725
