0 0.011051 0.157500 0.045261 0.055000
0 0.445261 0.468111 0.111684 0.081111
0 0.116116 0.185811 0.095789 0.078111
0 0.012612 0.161111 0.040000 0.011111
0 0.099474 0.119167 0.018947 0.041667
0 0.291579 0.598111 0.429474 0.240000
1 0.911684 0.120000 0.029474 0.011111
0 0.065261 0.260811 0.040000 0.051667
0 0.671051 0.525811 0.111579 0.091667
0 0.671051 0.586667 0.161158 0.101111
0 0.944211 0.571667 0.101158 0.106667
1 0.870000 0.510811 0.051684 0.048111
0 0.955921 0.820000 0.090794 0.121111
2 0.872807 0.512566 0.020050 0.062169
