0 0.010000 0.147500 0.045261 0.055000
0 0.445261 0.470000 0.111684 0.081111
0 0.121684 0.177500 0.095789 0.078111
0 0.012612 0.161111 0.040000 0.011111
0 0.099474 0.117500 0.018947 0.041667
0 0.250526 0.591111 0.408421 0.210000
1 0.911684 0.120000 0.029474 0.011111
0 0.061158 0.255811 0.017895 0.048111
0 0.627895 0.524167 0.111579 0.091667
0 0.642612 0.590000 0.161158 0.101111
0 0.915719 0.576667 0.115689 0.106667
1 0.844717 0.514167 0.051684 0.048111
0 0.927577 0.820000 0.154102 0.121111
2 0.848121 0.510979 0.021926 0.081111
