0 0.028947 0.114167 0.041158 0.051667
0 0.446116 0.470000 0.111684 0.081111
0 0.111684 0.169167 0.082105 0.078111
0 0.012612 0.161667 0.040000 0.011111
0 0.099474 0.118111 0.041051 0.041111
0 0.227168 0.568111 0.408421 0.210000
1 0.914717 0.121667 0.029474 0.011111
0 0.064211 0.247500 0.017895 0.048111
0 0.561579 0.521667 0.125261 0.086667
0 0.596116 0.587500 0.171579 0.108111
0 0.911158 0.580000 0.114717 0.106667
1 0.805261 0.540000 0.058947 0.051111
0 0.861579 0.818111 0.215789 0.121111
2 0.811821 0.511905 0.015018 0.076720
