0 0.028947 0.114167 0.041158 0.051667
0 0.445261 0.470000 0.111684 0.081111
0 0.111684 0.167500 0.082105 0.078111
0 0.011684 0.162500 0.042105 0.015000
0 0.099474 0.118111 0.041051 0.041111
0 0.225261 0.566667 0.408421 0.210000
1 0.915789 0.120000 0.029474 0.011111
0 0.064211 0.249167 0.017895 0.048111
0 0.560526 0.521667 0.125261 0.086667
0 0.596116 0.585000 0.161158 0.101111
0 0.912105 0.580000 0.114717 0.106667
1 0.801158 0.541667 0.058947 0.051111
0 0.861579 0.818111 0.215789 0.121111
2 0.811579 0.511667 0.014717 0.076667
