0 0.027895 0.102500 0.041051 0.048111
0 0.446116 0.466667 0.111684 0.081111
0 0.092891 0.115000 0.060515 0.070000
0 0.014717 0.161111 0.040000 0.011111
0 0.099474 0.119167 0.018947 0.041667
0 0.144211 0.512500 0.101158 0.195000
1 0.915789 0.118111 0.029474 0.011111
0 0.061158 0.210000 0.015789 0.046667
0 0.401579 0.499167 0.118947 0.081667
0 0.479474 0.571111 0.161158 0.101111
0 0.840526 0.592500 0.129474 0.111667
1 0.677168 0.547500 0.068421 0.061667
0 0.585789 0.806667 0.215789 0.121111
2 0.684651 0.529112 0.026116 0.076667
