0 0.027895 0.294167 0.041051 0.048111
0 0.447895 0.469167 0.108421 0.078111
0 0.090000 0.128111 0.060000 0.070000
0 0.014717 0.161111 0.040000 0.011111
0 0.099474 0.119167 0.018947 0.041667
0 0.125789 0.500000 0.274717 0.176667
1 0.915789 0.120000 0.029474 0.011111
0 0.062105 0.227500 0.011684 0.045000
0 0.162105 0.490000 0.107168 0.071111
0 0.451051 0.570000 0.180000 0.111111
0 0.819474 0.595811 0.129474 0.111667
1 0.641684 0.549167 0.068421 0.061667
0 0.514211 0.801111 0.215789 0.121111
2 0.647026 0.526667 0.026116 0.076667
