0 0.010000 0.287500 0.041051 0.048111
0 0.445261 0.466667 0.111684 0.081111
0 0.084717 0.120000 0.062105 0.071111
0 0.012612 0.161667 0.040000 0.011111
0 0.098421 0.117500 0.018947 0.041667
0 0.108947 0.495000 0.274717 0.176667
1 0.914717 0.120000 0.029474 0.011111
0 0.061051 0.224167 0.011684 0.045000
0 0.140000 0.491111 0.107168 0.071111
0 0.444244 0.571111 0.147102 0.111111
0 0.796116 0.597500 0.129474 0.111667
1 0.607895 0.547500 0.068421 0.061667
0 0.451158 0.802500 0.201051 0.128111
2 0.611941 0.520741 0.026116 0.076667
