0 0.010000 0.284167 0.041051 0.048111
0 0.444211 0.466667 0.111684 0.081111
0 0.084717 0.118111 0.062105 0.071111
0 0.012612 0.161667 0.040000 0.011111
0 0.098421 0.117500 0.018947 0.041667
0 0.099474 0.488111 0.274717 0.176667
1 0.914717 0.120000 0.029474 0.011111
0 0.060000 0.220811 0.011684 0.045000
0 0.122105 0.488111 0.107168 0.071111
0 0.411051 0.570000 0.146116 0.111111
0 0.781684 0.599167 0.129474 0.111667
1 0.590000 0.544167 0.068421 0.061667
0 0.418421 0.799167 0.201051 0.128111
2 0.595410 0.524119 0.026116 0.077989
