0 0.010000 0.282500 0.041051 0.048111
0 0.445261 0.466667 0.111684 0.081111
0 0.084717 0.116667 0.062105 0.071111
0 0.012612 0.161667 0.040000 0.011111
0 0.098421 0.117500 0.018947 0.041667
0 0.097168 0.486667 0.274717 0.176667
1 0.914717 0.120000 0.029474 0.011111
0 0.060000 0.222500 0.011684 0.045000
0 0.121051 0.488111 0.107168 0.071111
0 0.410000 0.571667 0.146116 0.111111
0 0.781684 0.597500 0.129474 0.111667
1 0.588947 0.544167 0.068421 0.061667
0 0.416116 0.799167 0.201051 0.128111
2 0.595261 0.521111 0.026116 0.076667
