0 0.010000 0.279167 0.041051 0.048111
0 0.445261 0.466667 0.111684 0.081111
0 0.081684 0.115000 0.062105 0.071111
0 0.012612 0.161667 0.040000 0.011111
0 0.098421 0.117500 0.018947 0.041667
0 0.091579 0.481111 0.261051 0.166667
1 0.914717 0.120000 0.029474 0.011111
0 0.060000 0.220811 0.011684 0.045000
0 0.102612 0.485000 0.112612 0.076667
0 0.417168 0.566667 0.146116 0.111111
0 0.771051 0.598111 0.115789 0.116667
1 0.571051 0.544167 0.068421 0.061667
0 0.180526 0.797500 0.201051 0.128111
2 0.581162 0.521012 0.026116 0.076667
