0 0.011051 0.265811 0.041051 0.048111
0 0.444211 0.466667 0.111684 0.081111
0 0.081579 0.100000 0.062105 0.071111
0 0.012612 0.161111 0.040000 0.011111
0 0.098947 0.118111 0.040000 0.041111
0 0.086842 0.484167 0.165261 0.195000
1 0.915261 0.120811 0.010526 0.015000
0 0.055789 0.214167 0.011684 0.045000
0 0.229474 0.465000 0.117895 0.080000
0 0.167895 0.556667 0.140000 0.106667
0 0.717168 0.601111 0.115789 0.116667
1 0.501051 0.516667 0.071579 0.061111
0 0.211684 0.795811 0.181158 0.115000
2 0.507226 0.509471 0.026116 0.076667
0 0.960109 0.822751 0.097744 0.126984
