0 0.012105 0.262500 0.041051 0.048111
0 0.444211 0.470000 0.111684 0.081111
0 0.081579 0.291111 0.062105 0.071111
0 0.011684 0.161667 0.040000 0.011111
0 0.099474 0.117500 0.018947 0.041667
0 0.067168 0.475000 0.157895 0.186667
1 0.914211 0.120811 0.010526 0.015000
0 0.052612 0.210811 0.011579 0.041667
0 0.201579 0.451111 0.112612 0.076667
0 0.148947 0.549167 0.142105 0.101667
0 0.691051 0.601111 0.115789 0.116667
1 0.466842 0.529167 0.064211 0.058111
0 0.156842 0.792500 0.181158 0.115000
2 0.471292 0.510886 0.024211 0.071667
0 0.928471 0.821111 0.157995 0.126667
