0 0.012105 0.257500 0.041051 0.048111
0 0.444211 0.465000 0.111684 0.081111
0 0.080526 0.290000 0.060000 0.070000
0 0.011684 0.161667 0.040000 0.011111
0 0.099474 0.117500 0.018947 0.041667
0 0.057895 0.470000 0.157895 0.186667
1 0.915261 0.119167 0.010526 0.015000
0 0.049474 0.207500 0.011579 0.041667
0 0.186842 0.446667 0.112612 0.076667
0 0.116116 0.547500 0.142105 0.101667
0 0.677168 0.600811 0.129474 0.111667
1 0.450526 0.525811 0.061051 0.055000
0 0.114717 0.795811 0.181158 0.115000
2 0.458154 0.510992 0.024211 0.071667
0 0.908772 0.825000 0.188070 0.126667
