0 0.012105 0.257500 0.041051 0.048111
0 0.445261 0.468111 0.111684 0.081111
0 0.079474 0.288111 0.060000 0.070000
0 0.011684 0.161667 0.040000 0.011111
0 0.099474 0.117500 0.018947 0.041667
0 0.048421 0.465000 0.157895 0.186667
1 0.914211 0.120811 0.010526 0.015000
0 0.048421 0.207500 0.011579 0.041667
0 0.176116 0.441111 0.112612 0.076667
0 0.125789 0.545811 0.142105 0.101667
0 0.662612 0.605000 0.115789 0.116667
1 0.412612 0.524167 0.061051 0.055000
0 0.085180 0.787215 0.204041 0.112196
2 0.440441 0.504272 0.024211 0.071667
0 0.889574 0.825000 0.214917 0.126667
