0 0.011158 0.250811 0.041051 0.048111
0 0.445261 0.468111 0.111684 0.081111
0 0.080526 0.281667 0.060000 0.070000
0 0.011684 0.161667 0.040000 0.011111
0 0.099474 0.117500 0.018947 0.041667
0 0.011684 0.456667 0.149474 0.176667
1 0.914211 0.122500 0.010526 0.015000
0 0.041158 0.204167 0.011579 0.041667
0 0.164211 0.410000 0.107168 0.071111
0 0.102612 0.540811 0.142105 0.101667
0 0.611158 0.601111 0.115789 0.116667
1 0.400526 0.519167 0.064211 0.058111
0 0.011051 0.792500 0.201158 0.111667
0 0.822105 0.821111 0.204211 0.120000
