0 0.011158 0.247500 0.018947 0.045000
0 0.445261 0.466667 0.111684 0.081111
0 0.079474 0.280000 0.060000 0.070000
0 0.011684 0.161667 0.040000 0.011111
0 0.099474 0.117500 0.018947 0.041667
0 0.024211 0.451111 0.149474 0.176667
1 0.916116 0.120811 0.010526 0.015000
0 0.018947 0.204167 0.011579 0.041667
0 0.151684 0.425000 0.107168 0.071111
0 0.292105 0.515811 0.142105 0.101667
0 0.617168 0.601667 0.115789 0.116667
1 0.192105 0.492500 0.051579 0.061667
0 -0.019474 0.785811 0.201158 0.111667
0 0.781158 0.821111 0.204211 0.120000
