0 0.014211 0.241667 0.016842 0.041111
0 0.444211 0.465811 0.107168 0.078111
0 0.080000 0.268111 0.056842 0.066667
0 0.011684 0.161667 0.040000 0.011111
0 0.099474 0.119167 0.018947 0.041667
0 0.001158 0.440000 0.157895 0.186667
1 0.918421 0.124167 0.010526 0.015000
0 0.027895 0.200000 0.010526 0.040000
0 0.112256 0.401210 0.071701 0.068111
0 0.260526 0.525000 0.115789 0.096667
0 0.580459 0.602500 0.129474 0.111667
1 0.147168 0.480000 0.054717 0.061111
0 0.681019 0.827989 0.214717 0.126667
0 0.979741 0.517698 0.060150 0.101852
