0 0.014211 0.240000 0.016842 0.041111
0 0.444211 0.466667 0.111684 0.081111
0 0.080000 0.268111 0.056842 0.066667
0 0.011684 0.161667 0.040000 0.011111
0 0.099474 0.119167 0.018947 0.041667
0 -0.001158 0.416667 0.157895 0.186667
1 0.917168 0.122500 0.010526 0.015000
0 0.024717 0.200000 0.010526 0.040000
0 0.124211 0.195811 0.071684 0.068111
0 0.250000 0.521111 0.115789 0.096667
0 0.565789 0.600811 0.129474 0.111667
1 0.111684 0.476667 0.054717 0.061111
0 0.645261 0.828111 0.214717 0.126667
0 0.971051 0.540811 0.060000 0.101667
