0 0.028947 0.329167 0.043158 0.051667
0 0.445263 0.470000 0.113684 0.083333
0 0.109474 0.364167 0.082105 0.078333
0 0.033684 0.161667 0.040000 0.033333
0 0.099474 0.138333 0.041053 0.043333
0 0.212632 0.563333 0.408421 0.230000
1 0.935789 0.318333 0.029474 0.033333
0 0.064211 0.247500 0.037895 0.048333
0 0.550334 0.520000 0.125263 0.086667
0 0.582632 0.586667 0.163158 0.103333
0 0.902632 0.583333 0.114737 0.106667
1 0.790526 0.543333 0.058947 0.053333
0 0.826842 0.818333 0.215789 0.123333
2 0.795489 0.519603 0.014737 0.076667
