0 0.027895 0.297500 0.041053 0.048333
0 0.447895 0.467500 0.108421 0.078333
0 0.091053 0.330000 0.060000 0.070000
0 0.034737 0.163333 0.040000 0.033333
0 0.099474 0.139167 0.038947 0.041667
0 0.135789 0.510000 0.288421 0.186667
1 0.935789 0.320000 0.029474 0.033333
0 0.062105 0.230000 0.035789 0.046667
0 0.381579 0.497500 0.112632 0.078333
0 0.465789 0.572500 0.171579 0.108333
0 0.831053 0.592500 0.129474 0.111667
1 0.660526 0.547500 0.068421 0.061667
0 0.550000 0.803333 0.215789 0.123333
2 0.666149 0.525833 0.025263 0.071667
