0 0.030000 0.284167 0.041053 0.048333
0 0.444211 0.466667 0.113684 0.083333
0 0.084737 0.318333 0.062105 0.073333
0 0.032632 0.161667 0.040000 0.033333
0 0.098421 0.137500 0.038947 0.041667
0 0.099474 0.488333 0.274737 0.176667
1 0.934737 0.320000 0.029474 0.033333
0 0.060000 0.220833 0.033684 0.045000
0 0.322105 0.488333 0.107368 0.073333
0 0.431053 0.570000 0.146316 0.113333
0 0.783684 0.599167 0.129474 0.111667
1 0.590000 0.544167 0.068421 0.061667
0 0.418421 0.799167 0.201053 0.128333
2 0.595430 0.524339 0.026316 0.077989
