0 0.030000 0.274167 0.041053 0.048333
0 0.445263 0.466667 0.113684 0.083333
0 0.082632 0.306667 0.062105 0.073333
0 0.032632 0.163333 0.040000 0.033333
0 0.098421 0.137500 0.038947 0.041667
0 0.078421 0.472500 0.236842 0.151667
1 0.934737 0.320000 0.029474 0.033333
0 0.056842 0.215833 0.033684 0.045000
0 0.265789 0.475000 0.112632 0.076667
0 0.392105 0.561667 0.146316 0.113333
0 0.744737 0.603333 0.135789 0.116667
1 0.537368 0.539167 0.068421 0.061667
0 0.308421 0.795833 0.191579 0.121667
2 0.541838 0.517844 0.029474 0.071667
