0 0.031053 0.269167 0.041053 0.048333
0 0.445263 0.466667 0.113684 0.083333
0 0.081579 0.303333 0.062105 0.073333
0 0.032632 0.163333 0.040000 0.033333
0 0.098421 0.137500 0.038947 0.041667
0 0.096190 0.490992 0.165948 0.196587
1 0.934211 0.320833 0.030526 0.035000
0 0.056842 0.214167 0.033684 0.045000
0 0.248947 0.468333 0.112632 0.076667
0 0.379474 0.560000 0.146316 0.113333
0 0.732105 0.601667 0.135789 0.116667
1 0.518947 0.536667 0.071579 0.063333
0 0.272632 0.792500 0.183158 0.115000
2 0.522623 0.513532 0.029474 0.071667
