0 0.031053 0.265833 0.041053 0.048333
0 0.444211 0.466667 0.113684 0.083333
0 0.081579 0.296667 0.062105 0.073333
0 0.032632 0.163333 0.040000 0.033333
0 0.098947 0.138333 0.040000 0.043333
0 0.076316 0.479167 0.165263 0.195000
1 0.933158 0.319167 0.030526 0.035000
0 0.052632 0.210833 0.033684 0.045000
0 0.213684 0.458333 0.117895 0.080000
0 0.360802 0.552500 0.142657 0.101667
0 0.703684 0.601667 0.135789 0.116667
1 0.483684 0.534167 0.068421 0.061667
0 0.196842 0.794167 0.183158 0.115000
2 0.507895 0.510000 0.026316 0.076667
0 0.939282 0.823333 0.118563 0.126667
