0 0.032105 0.265833 0.041053 0.048333
0 0.444211 0.468333 0.113684 0.083333
0 0.081579 0.296667 0.062105 0.073333
0 0.033684 0.161667 0.040000 0.033333
0 0.099474 0.137500 0.038947 0.041667
0 0.076842 0.483333 0.157895 0.186667
1 0.934211 0.320833 0.030526 0.035000
0 0.052632 0.212500 0.033684 0.045000
0 0.215789 0.458333 0.117895 0.080000
0 0.359474 0.550833 0.142105 0.101667
0 0.703684 0.601667 0.135789 0.116667
1 0.482632 0.532500 0.064211 0.058333
0 0.189474 0.794167 0.183158 0.115000
2 0.489900 0.517897 0.024211 0.071667
0 0.938947 0.823333 0.117895 0.126667
