0 0.033158 0.250833 0.041053 0.048333
0 0.445263 0.468333 0.113684 0.083333
0 0.080526 0.281667 0.060000 0.070000
0 0.033684 0.161667 0.040000 0.033333
0 0.099474 0.137500 0.038947 0.041667
0 0.033684 0.456667 0.149474 0.176667
1 0.934211 0.322500 0.030526 0.035000
0 0.043158 0.204167 0.031579 0.041667
0 0.164211 0.430000 0.107368 0.073333
0 0.302632 0.540833 0.142105 0.101667
0 0.633158 0.603333 0.135789 0.116667
1 0.400526 0.519167 0.064211 0.058333
0 0.011053 0.792500 0.203158 0.131667
0 0.822105 0.823333 0.204211 0.120000
