0 0.034211 0.236667 0.036842 0.043333
0 0.445263 0.468333 0.113684 0.083333
0 0.080000 0.265000 0.056842 0.066667
0 0.033684 0.161667 0.040000 0.033333
0 0.099474 0.139167 0.038947 0.041667
0 -0.007368 0.431667 0.157895 0.186667
1 0.939474 0.322500 0.030526 0.035000
0 0.021579 0.200000 0.030526 0.040000
0 0.113684 0.389167 0.073684 0.068333
0 0.238947 0.519167 0.128421 0.091667
0 0.552105 0.600833 0.129474 0.111667
1 0.318947 0.468333 0.054737 0.063333
0 0.607368 0.828333 0.214737 0.126667
0 0.976383 0.545833 0.095923 0.101667
