0 0.134737 0.489167 0.107368 0.068333
0 0.448421 0.470000 0.113684 0.083333
0 0.357368 0.471667 0.154737 0.140000
4 0.014211 0.625833 0.049474 0.165000
4 0.589474 0.259167 0.105263 0.181667
5 0.784737 0.457500 0.047368 0.141667
5 0.265789 0.387500 0.032632 0.118333
0 0.033684 0.163333 0.040000 0.033333
0 0.099474 0.139167 0.038947 0.041667
0 0.681053 0.640000 0.515789 0.260000
1 0.933684 0.320000 0.029474 0.033333
0 0.080000 0.349167 0.065263 0.065000
0 0.961579 0.475833 0.081053 0.075000
0 0.927368 0.559167 0.122105 0.095000