0 0.097895 0.460833 0.082105 0.068333
0 0.446316 0.468333 0.113684 0.083333
0 0.308947 0.466667 0.116842 0.096667
4 0.014211 0.625000 0.047368 0.156667
4 0.588421 0.257500 0.105263 0.181667
5 0.784737 0.457500 0.047368 0.141667
5 0.266842 0.385833 0.032632 0.118333
0 0.033684 0.163333 0.040000 0.033333
0 0.099474 0.139167 0.038947 0.041667
0 0.585789 0.634167 0.508421 0.245000
1 0.934737 0.320000 0.029474 0.033333
0 0.076842 0.328333 0.046316 0.060000
0 0.938421 0.492500 0.095789 0.075000
0 0.890668 0.567989 0.139766 0.110476