0 0.083158 0.452500 0.077895 0.065000
0 0.446316 0.468333 0.113684 0.083333
0 0.283684 0.460000 0.116842 0.096667
4 0.013158 0.625000 0.047368 0.156667
4 0.588421 0.259167 0.105263 0.181667
5 0.784737 0.457500 0.047368 0.141667
5 0.266842 0.384167 0.032632 0.118333
0 0.032632 0.163333 0.040000 0.033333
0 0.100526 0.138333 0.036842 0.040000
0 0.554211 0.629167 0.508421 0.245000
1 0.935789 0.320000 0.029474 0.033333
0 0.074211 0.321667 0.043158 0.056667
0 0.919474 0.499167 0.095789 0.075000
0 0.871579 0.570000 0.138947 0.110000