0 0.072105 0.439167 0.066316 0.065000
0 0.445263 0.470000 0.113684 0.083333
0 0.261579 0.452500 0.106316 0.088333
4 0.013158 0.625000 0.047368 0.156667
4 0.589474 0.257500 0.105263 0.181667
5 0.784737 0.457500 0.047368 0.141667
5 0.266842 0.384167 0.032632 0.118333
0 0.033684 0.164167 0.042105 0.035000
0 0.100526 0.139167 0.038947 0.041667
0 0.518421 0.627500 0.508421 0.245000
1 0.934737 0.318333 0.029474 0.033333
0 0.071053 0.313333 0.043158 0.056667
0 0.905789 0.498333 0.108421 0.083333
0 0.855789 0.573333 0.147368 0.110000