0 0.059474 0.429167 0.066316 0.065000
0 0.446316 0.470000 0.120000 0.086667
0 0.236316 0.442500 0.106316 0.088333
4 0.013158 0.625000 0.047368 0.156667
4 0.588421 0.259167 0.105263 0.181667
5 0.785789 0.457500 0.047368 0.141667
5 0.265789 0.382500 0.032632 0.118333
0 0.033684 0.163333 0.040000 0.033333
0 0.100526 0.137500 0.038947 0.041667
0 0.476842 0.626667 0.484211 0.233333
1 0.935789 0.318333 0.029474 0.033333
0 0.070000 0.306667 0.043158 0.056667
0 0.884737 0.501667 0.108421 0.083333
0 0.835789 0.575000 0.147368 0.110000