0 0.052105 0.420833 0.066316 0.065000
0 0.445263 0.470000 0.113684 0.083333
0 0.225789 0.439167 0.106316 0.088333
4 0.013158 0.625000 0.047368 0.156667
4 0.588421 0.257500 0.105263 0.181667
5 0.784737 0.457500 0.047368 0.141667
5 0.266842 0.384167 0.032632 0.118333
0 0.033684 0.163333 0.040000 0.033333
0 0.099474 0.139167 0.038947 0.041667
0 0.457895 0.625000 0.484211 0.233333
1 0.934737 0.320000 0.029474 0.033333
0 0.068947 0.300000 0.043158 0.056667
0 0.872105 0.506667 0.108421 0.083333
0 0.824211 0.580000 0.147368 0.110000
2 0.962632 0.478333 0.020000 0.060000
1 0.961053 0.496667 0.040000 0.053333