0 0.047895 0.415833 0.066316 0.065000
0 0.446316 0.470000 0.113684 0.083333
0 0.214211 0.434167 0.106316 0.088333
4 0.013158 0.625000 0.047368 0.156667
4 0.588421 0.259167 0.105263 0.181667
5 0.785789 0.457500 0.047368 0.141667
5 0.265789 0.384167 0.032632 0.118333
0 0.033684 0.163333 0.040000 0.033333
0 0.099474 0.139167 0.038947 0.041667
0 0.452632 0.624167 0.461053 0.221667
1 0.935789 0.318333 0.029474 0.033333
0 0.067895 0.296667 0.043158 0.056667
0 0.857895 0.509167 0.113684 0.088333
0 0.813158 0.580833 0.154737 0.115000
2 0.958421 0.480000 0.020000 0.060000
1 0.956842 0.500000 0.042105 0.056667