0 0.042632 0.410833 0.066316 0.065000
0 0.446316 0.470000 0.113684 0.083333
0 0.204737 0.432500 0.106316 0.088333
4 0.013158 0.625000 0.047368 0.156667
4 0.588421 0.259167 0.105263 0.181667
5 0.784737 0.457500 0.047368 0.141667
5 0.265789 0.384167 0.032632 0.118333
0 0.033684 0.163333 0.040000 0.033333
0 0.099474 0.139167 0.038947 0.041667
0 0.427368 0.619167 0.461053 0.221667
1 0.935789 0.320000 0.029474 0.033333
0 0.065789 0.293333 0.043158 0.056667
0 0.845263 0.507500 0.120000 0.091667
0 0.802105 0.581667 0.147368 0.110000
2 0.953158 0.481667 0.020000 0.060000
1 0.951579 0.501667 0.042105 0.056667