0 0.039474 0.404167 0.066316 0.065000
0 0.445263 0.470000 0.113684 0.083333
0 0.195263 0.427500 0.106316 0.088333
4 0.012105 0.624167 0.049474 0.165000
4 0.588421 0.259167 0.105263 0.181667
5 0.784737 0.457500 0.047368 0.141667
5 0.265789 0.384167 0.032632 0.118333
0 0.033684 0.163333 0.040000 0.033333
0 0.099474 0.139167 0.038947 0.041667
0 0.400000 0.618333 0.484211 0.233333
1 0.934737 0.318333 0.029474 0.033333
0 0.065789 0.290000 0.043158 0.056667
0 0.828421 0.510833 0.120000 0.091667
0 0.791997 0.583968 0.163609 0.103333
2 0.946842 0.483333 0.020000 0.060000
1 0.944211 0.505000 0.042105 0.056667