0 0.032640 0.363479 0.045363 0.055000
0 0.445263 0.468333 0.113684 0.083333
0 0.143158 0.390833 0.101053 0.081667
4 0.014211 0.625000 0.047368 0.156667
4 0.588421 0.259167 0.105263 0.181667
5 0.785789 0.457500 0.047368 0.141667
5 0.266842 0.384167 0.032632 0.118333
0 0.032632 0.163333 0.040000 0.033333
0 0.099474 0.139167 0.038947 0.041667
0 0.301053 0.600000 0.429474 0.240000
1 0.933684 0.320000 0.029474 0.033333
0 0.065263 0.265833 0.040000 0.051667
0 0.691053 0.524167 0.131579 0.091667
0 0.685789 0.586667 0.163158 0.103333
0 0.951579 0.571667 0.103158 0.106667
2 0.883158 0.504167 0.023158 0.061667
1 0.878421 0.529167 0.053684 0.048333
0 0.973893 0.820767 0.068505 0.117725