0 0.031053 0.352500 0.045263 0.055000
0 0.446316 0.470000 0.113684 0.083333
0 0.130000 0.380833 0.095789 0.078333
4 0.013158 0.625833 0.049474 0.165000
4 0.588421 0.259167 0.105263 0.181667
5 0.785789 0.457500 0.047368 0.141667
5 0.266842 0.384167 0.032632 0.118333
0 0.033684 0.163333 0.040000 0.033333
0 0.100526 0.138333 0.036842 0.040000
0 0.265263 0.595000 0.429474 0.240000
1 0.933684 0.318333 0.029474 0.033333
0 0.064211 0.259167 0.040000 0.051667
0 0.648947 0.524167 0.131579 0.091667
0 0.657368 0.585833 0.171579 0.108333
0 0.936842 0.571667 0.103158 0.106667
1 0.857368 0.534167 0.053684 0.048333
0 0.946165 0.820000 0.128120 0.123333
2 0.860693 0.515873 0.017544 0.074074