0 0.027895 0.302500 0.041053 0.048333
0 0.446316 0.466667 0.113684 0.083333
0 0.092891 0.335000 0.060535 0.070000
4 0.012105 0.625000 0.047368 0.156667
4 0.589474 0.259167 0.105263 0.181667
5 0.785789 0.459167 0.047368 0.141667
5 0.265789 0.384167 0.032632 0.118333
0 0.034737 0.163333 0.040000 0.033333
0 0.099474 0.139167 0.038947 0.041667
0 0.144211 0.512500 0.303158 0.195000
1 0.935789 0.318333 0.029474 0.033333
0 0.063158 0.230000 0.035789 0.046667
0 0.401579 0.499167 0.118947 0.081667
0 0.479474 0.573333 0.163158 0.103333
0 0.840526 0.592500 0.129474 0.111667
1 0.677368 0.547500 0.068421 0.061667
0 0.585789 0.806667 0.215789 0.123333
2 0.684653 0.529312 0.026316 0.076667