0 0.028947 0.299167 0.041053 0.048333
0 0.447895 0.465833 0.108421 0.078333
0 0.091053 0.331667 0.060000 0.070000
4 0.013158 0.625000 0.047368 0.156667
4 0.588421 0.259167 0.105263 0.181667
5 0.784737 0.457500 0.047368 0.141667
5 0.265789 0.382500 0.032632 0.118333
0 0.034737 0.163333 0.040000 0.033333
0 0.099474 0.139167 0.038947 0.041667
0 0.134737 0.506667 0.288421 0.186667
1 0.935789 0.318333 0.029474 0.033333
0 0.063158 0.230000 0.035789 0.046667
0 0.381053 0.491667 0.107368 0.073333
0 0.465789 0.570000 0.180000 0.113333
0 0.830000 0.594167 0.129474 0.111667
1 0.659474 0.545833 0.068421 0.061667
0 0.548947 0.803333 0.215789 0.123333
2 0.665263 0.525833 0.025263 0.071667