0 0.030000 0.282500 0.041053 0.048333
0 0.445263 0.466667 0.113684 0.083333
0 0.084737 0.316667 0.062105 0.073333
4 0.012105 0.623333 0.047368 0.156667
4 0.588421 0.255833 0.105263 0.181667
5 0.785789 0.459167 0.047368 0.141667
5 0.264737 0.384167 0.032632 0.118333
0 0.032632 0.161667 0.040000 0.033333
0 0.098421 0.137500 0.038947 0.041667
0 0.097368 0.486667 0.274737 0.176667
1 0.934737 0.320000 0.029474 0.033333
0 0.060000 0.222500 0.033684 0.045000
0 0.321053 0.488333 0.107368 0.073333
0 0.430000 0.571667 0.146316 0.113333
0 0.783684 0.597500 0.129474 0.111667
1 0.588947 0.544167 0.068421 0.061667
0 0.416316 0.799167 0.201053 0.128333
2 0.595263 0.523333 0.026316 0.076667