0 0.030000 0.279167 0.041053 0.048333
0 0.445263 0.466667 0.113684 0.083333
0 0.083684 0.315000 0.062105 0.073333
4 0.012105 0.623333 0.047368 0.156667
4 0.588421 0.255833 0.105263 0.181667
5 0.785789 0.459167 0.047368 0.141667
5 0.265789 0.384167 0.032632 0.118333
0 0.032632 0.161667 0.040000 0.033333
0 0.098421 0.137500 0.038947 0.041667
0 0.091579 0.483333 0.261053 0.166667
1 0.934737 0.320000 0.029474 0.033333
0 0.060000 0.220833 0.033684 0.045000
0 0.302632 0.485000 0.112632 0.076667
0 0.417368 0.566667 0.146316 0.113333
0 0.771053 0.598333 0.135789 0.116667
1 0.571053 0.544167 0.068421 0.061667
0 0.380526 0.797500 0.201053 0.128333
2 0.581362 0.521032 0.026316 0.076667