0 0.032105 0.257500 0.041053 0.048333
0 0.445263 0.468333 0.113684 0.083333
0 0.079474 0.288333 0.060000 0.070000
4 0.012105 0.621667 0.047368 0.156667
4 0.588421 0.257500 0.105263 0.181667
5 0.785789 0.457500 0.047368 0.141667
5 0.264737 0.382500 0.032632 0.118333
0 0.033684 0.161667 0.040000 0.033333
0 0.099474 0.137500 0.038947 0.041667
0 0.048421 0.465000 0.157895 0.186667
1 0.934211 0.320833 0.030526 0.035000
0 0.048421 0.207500 0.031579 0.041667
0 0.176316 0.443333 0.112632 0.076667
0 0.325789 0.545833 0.142105 0.101667
0 0.662632 0.605000 0.135789 0.116667
1 0.432632 0.524167 0.061053 0.055000
0 0.085180 0.787235 0.204043 0.132196
2 0.440443 0.504272 0.024211 0.071667
0 0.889574 0.825000 0.214937 0.126667