0 0.033158 0.244167 0.038947 0.045000
0 0.445263 0.468333 0.113684 0.083333
0 0.080000 0.273333 0.056842 0.066667
4 0.012105 0.621667 0.047368 0.156667
4 0.588421 0.255833 0.105263 0.181667
5 0.785789 0.457500 0.047368 0.141667
5 0.264737 0.384167 0.032632 0.118333
0 0.033684 0.161667 0.040000 0.033333
0 0.099474 0.137500 0.038947 0.041667
0 0.010526 0.445000 0.157895 0.186667
1 0.936316 0.322500 0.030526 0.035000
0 0.032632 0.202500 0.031579 0.041667
0 0.134211 0.415833 0.102105 0.068333
0 0.270000 0.530833 0.142105 0.101667
0 0.586842 0.600000 0.135789 0.116667
1 0.363158 0.485000 0.054737 0.063333
0 0.713684 0.825000 0.204211 0.120000