0 0.034211 0.240000 0.036842 0.043333
0 0.444211 0.466667 0.113684 0.083333
0 0.080000 0.268333 0.056842 0.066667
4 0.013158 0.621667 0.047368 0.156667
4 0.588421 0.255833 0.105263 0.181667
5 0.785789 0.459167 0.047368 0.141667
5 0.264737 0.384167 0.032632 0.118333
0 0.033684 0.161667 0.040000 0.033333
0 0.099474 0.139167 0.038947 0.041667
0 -0.003158 0.436667 0.157895 0.186667
1 0.937368 0.322500 0.030526 0.035000
0 0.024737 0.200000 0.030526 0.040000
0 0.124211 0.395833 0.073684 0.068333
0 0.250000 0.523333 0.135789 0.096667
0 0.565789 0.600833 0.129474 0.111667
1 0.333684 0.476667 0.054737 0.063333
0 0.645263 0.828333 0.214737 0.126667
0 0.971053 0.540833 0.060000 0.101667