0 0.034211 0.228333 0.036842 0.043333
0 0.444211 0.468333 0.113684 0.083333
0 0.080000 0.255000 0.056842 0.066667
4 0.012105 0.621667 0.047368 0.156667
4 0.588421 0.257500 0.105263 0.181667
5 0.785789 0.457500 0.047368 0.141667
5 0.264737 0.384167 0.032632 0.118333
0 0.033684 0.163333 0.040000 0.033333
0 0.099474 0.139167 0.038947 0.041667
1 0.944211 0.326667 0.031579 0.036667
0 0.007895 0.196667 0.030526 0.040000
0 0.088947 0.362500 0.066316 0.061667
0 0.211053 0.500833 0.127368 0.091667
0 0.490000 0.595833 0.129474 0.111667
1 0.264737 0.450000 0.060000 0.070000
0 0.457895 0.830000 0.204211 0.120000
0 0.940844 0.556521 0.121688 0.106958