0 0.034211 0.223333 0.036842 0.043333
0 0.445263 0.468333 0.113684 0.083333
0 0.079474 0.250000 0.053684 0.063333
4 0.013158 0.621667 0.047368 0.156667
4 0.588421 0.257500 0.105263 0.181667
5 0.785789 0.457500 0.047368 0.141667
5 0.265789 0.384167 0.032632 0.118333
0 0.032632 0.163333 0.040000 0.033333
0 0.100526 0.139167 0.038947 0.041667
1 0.946316 0.326667 0.035789 0.040000
0 0.074211 0.347500 0.066316 0.061667
0 0.183158 0.490000 0.122105 0.086667
0 0.445789 0.590833 0.123158 0.105000
1 0.225263 0.435000 0.054737 0.063333
0 0.342105 0.833333 0.204211 0.120000
0 0.908421 0.563333 0.130526 0.106667