0 0.033158 0.220833 0.034737 0.041667
0 0.445263 0.465833 0.107368 0.078333
0 0.080000 0.243333 0.048421 0.056667
4 0.013158 0.621667 0.047368 0.156667
4 0.588421 0.257500 0.105263 0.181667
5 0.785789 0.457500 0.047368 0.141667
5 0.264737 0.384167 0.032632 0.118333
0 0.032632 0.162500 0.037895 0.031667
0 0.100526 0.139167 0.038947 0.041667
1 0.951579 0.328333 0.035789 0.040000
0 0.078939 0.339802 0.066316 0.061667
0 0.165263 0.480833 0.115789 0.081667
0 0.415263 0.586667 0.116842 0.100000
1 0.202632 0.427500 0.051579 0.061667
0 0.255789 0.842500 0.225263 0.131667
0 0.878947 0.570000 0.130526 0.106667