0 0.031053 0.217500 0.034737 0.041667
0 0.445263 0.466667 0.113684 0.083333
0 0.080000 0.241667 0.048421 0.056667
4 0.013158 0.621667 0.047368 0.156667
4 0.589474 0.257500 0.105263 0.181667
5 0.785789 0.457500 0.047368 0.141667
5 0.265789 0.384167 0.032632 0.118333
0 0.032632 0.163333 0.040000 0.033333
0 0.099474 0.139167 0.038947 0.041667
1 0.954737 0.330000 0.035789 0.040000
0 0.072632 0.332500 0.063158 0.058333
0 0.150000 0.472500 0.110526 0.078333
0 0.386842 0.579167 0.123158 0.105000
1 0.182632 0.419167 0.049474 0.058333
0 0.175789 0.848333 0.214737 0.126667
0 0.849474 0.575833 0.136842 0.111667