0 0.029474 0.212500 0.033684 0.038333
0 0.445263 0.465833 0.107368 0.078333
0 0.078947 0.234167 0.044211 0.051667
4 0.012105 0.621667 0.047368 0.156667
4 0.589474 0.257500 0.105263 0.181667
5 0.785789 0.457500 0.047368 0.141667
5 0.265789 0.384167 0.032632 0.118333
0 0.032632 0.163333 0.040000 0.033333
0 0.099474 0.139167 0.038947 0.041667
0 0.063158 0.312500 0.063158 0.058333
0 0.120526 0.455833 0.100000 0.071667
0 0.338421 0.565000 0.116842 0.100000
1 0.146842 0.400833 0.047368 0.055000
0 0.002105 0.857500 0.225263 0.131667
0 0.789474 0.580833 0.136842 0.111667