0 0.022632 0.202500 0.030526 0.035000
0 0.445263 0.465000 0.113684 0.083333
0 0.080000 0.219167 0.042105 0.048333
4 0.013158 0.621667 0.047368 0.156667
4 0.589474 0.255833 0.105263 0.181667
5 0.786842 0.455833 0.047368 0.141667
5 0.265789 0.384167 0.032632 0.118333
0 0.033158 0.162500 0.041053 0.035000
0 0.099474 0.137500 0.038947 0.041667
0 0.050526 0.287500 0.063158 0.058333
0 0.078947 0.435000 0.094737 0.083333
0 0.240526 0.537500 0.110526 0.095000
1 0.102632 0.360000 0.055789 0.050000
0 0.671053 0.593333 0.144211 0.116667