0 0.010000 0.195000 0.026316 0.030000
0 0.445263 0.466667 0.113684 0.083333
0 0.074737 0.210833 0.042105 0.048333
4 0.012105 0.621667 0.047368 0.156667
4 0.588421 0.257500 0.105263 0.181667
5 0.786842 0.457500 0.047368 0.141667
5 0.264737 0.385833 0.032632 0.118333
0 0.032632 0.161667 0.040000 0.033333
0 0.099474 0.137500 0.038947 0.041667
0 0.042105 0.259167 0.063158 0.058333
0 0.056842 0.400000 0.082105 0.080000
0 0.162632 0.505000 0.083158 0.100000
1 0.073684 0.327500 0.050526 0.045000
0 0.535789 0.594167 0.136842 0.111667
0 0.851579 0.840000 0.212632 0.150000