0 0.444211 0.468333 0.113684 0.083333
0 0.073684 0.209167 0.042105 0.048333
4 0.013158 0.621667 0.047368 0.156667
4 0.588421 0.257500 0.105263 0.181667
5 0.786842 0.457500 0.047368 0.141667
5 0.264737 0.385833 0.032632 0.118333
0 0.032632 0.161667 0.040000 0.033333
0 0.099474 0.137500 0.038947 0.041667
0 0.041579 0.254167 0.060000 0.055000
0 0.050526 0.390000 0.082105 0.080000
0 0.143684 0.495000 0.083158 0.100000
1 0.070526 0.319167 0.050526 0.045000
0 0.501053 0.592500 0.136842 0.111667
0 0.766316 0.845000 0.212632 0.150000