0 0.445263 0.468333 0.113684 0.083333
0 0.072632 0.205833 0.042105 0.048333
4 0.013158 0.621667 0.047368 0.156667
4 0.588421 0.257500 0.105263 0.181667
5 0.785789 0.457500 0.047368 0.141667
5 0.264737 0.385833 0.032632 0.118333
0 0.032632 0.160833 0.037895 0.031667
0 0.099474 0.139167 0.038947 0.041667
0 0.040000 0.250833 0.056842 0.051667
0 0.044211 0.381667 0.082105 0.080000
0 0.125789 0.485000 0.083158 0.100000
1 0.066316 0.312500 0.050526 0.045000
0 0.464211 0.590833 0.136842 0.111667
0 0.680000 0.848333 0.223158 0.156667