0 0.445263 0.465000 0.113684 0.083333
0 0.072632 0.205833 0.042105 0.048333
4 0.013158 0.621667 0.047368 0.156667
4 0.587368 0.257500 0.105263 0.181667
5 0.785789 0.457500 0.047368 0.141667
5 0.264737 0.385833 0.032632 0.118333
0 0.032632 0.161667 0.040000 0.033333
0 0.099474 0.139167 0.038947 0.041667
0 0.041053 0.249167 0.056842 0.051667
0 0.044211 0.381667 0.082105 0.080000
0 0.124737 0.486667 0.083158 0.100000
1 0.067368 0.310833 0.050526 0.045000
0 0.463158 0.589167 0.136842 0.111667
0 0.678947 0.850000 0.223158 0.156667