0 0.445263 0.466667 0.113684 0.083333
0 0.068421 0.200833 0.042105 0.048333
4 0.014211 0.621667 0.047368 0.156667
4 0.588421 0.257500 0.105263 0.181667
5 0.786842 0.457500 0.047368 0.141667
5 0.264737 0.384167 0.032632 0.118333
0 0.032632 0.161667 0.040000 0.033333
0 0.099474 0.137500 0.038947 0.041667
0 0.037368 0.240000 0.053684 0.050000
0 0.034737 0.365000 0.077895 0.076667
0 0.094211 0.465833 0.078947 0.095000
1 0.064211 0.299167 0.050526 0.045000
0 0.392105 0.578333 0.123158 0.100000
0 0.501053 0.861667 0.212632 0.150000