0 0.445263 0.465000 0.113684 0.083333
0 0.062105 0.198333 0.040000 0.046667
4 0.012105 0.621667 0.047368 0.156667
4 0.587368 0.257500 0.105263 0.181667
5 0.785789 0.457500 0.047368 0.141667
5 0.264737 0.385833 0.032632 0.118333
0 0.032632 0.161667 0.040000 0.033333
0 0.099474 0.137500 0.038947 0.041667
0 0.036316 0.234167 0.049474 0.045000
0 0.026316 0.351667 0.073684 0.073333
0 0.070000 0.449167 0.078947 0.095000
1 0.063684 0.285833 0.047368 0.041667
0 0.331579 0.569167 0.145263 0.105000
0 0.314737 0.866667 0.212632 0.150000
0 0.925263 0.303333 0.063158 0.060000
0 0.950000 0.555000 0.083158 0.096667