0 0.445263 0.466667 0.113684 0.083333
0 0.055789 0.192500 0.035789 0.041667
4 0.012105 0.621667 0.047368 0.156667
4 0.588421 0.257500 0.105263 0.181667
5 0.785789 0.457500 0.047368 0.141667
5 0.264737 0.385833 0.032632 0.118333
0 0.033684 0.161667 0.040000 0.033333
0 0.098421 0.137500 0.038947 0.041667
0 0.034737 0.226667 0.046316 0.043333
0 0.021579 0.337500 0.070526 0.068333
0 0.056316 0.416667 0.068421 0.070000
1 0.064737 0.275000 0.045263 0.040000
0 0.275263 0.554167 0.133684 0.105000
0 0.926842 0.303333 0.066316 0.063333
0 0.923684 0.565000 0.131579 0.100000
0 0.125263 0.890000 0.231579 0.170000