0 0.445263 0.466667 0.113684 0.083333
0 0.050526 0.190833 0.035789 0.041667
4 0.013158 0.621667 0.047368 0.156667
4 0.588421 0.257500 0.105263 0.181667
5 0.785789 0.457500 0.047368 0.141667
5 0.264737 0.385833 0.032632 0.118333
0 0.032632 0.161667 0.040000 0.033333
0 0.100526 0.139167 0.038947 0.041667
0 0.033684 0.223333 0.046316 0.043333
0 0.020526 0.330833 0.070526 0.068333
0 0.046842 0.408333 0.068421 0.070000
1 0.065789 0.268333 0.045263 0.040000
0 0.246842 0.547500 0.133684 0.105000
0 0.935263 0.310000 0.066316 0.063333
0 0.906316 0.568333 0.151579 0.100000
0 0.032632 0.897500 0.221053 0.161667