0 0.445263 0.468333 0.113684 0.083333
0 0.044737 0.190000 0.034737 0.040000
4 0.012105 0.621667 0.047368 0.156667
4 0.588421 0.257500 0.105263 0.181667
5 0.786842 0.457500 0.047368 0.141667
5 0.264737 0.384167 0.032632 0.118333
0 0.033684 0.161667 0.040000 0.033333
0 0.100526 0.139167 0.038947 0.041667
0 0.031579 0.217500 0.042105 0.038333
0 0.017368 0.323333 0.064211 0.063333
0 0.036316 0.393333 0.068421 0.070000
1 0.066842 0.260000 0.045263 0.040000
0 0.210000 0.531667 0.127368 0.100000
0 0.938947 0.310833 0.075789 0.071667
0 0.861053 0.575833 0.160000 0.105000