0 0.445263 0.468333 0.113684 0.083333
0 0.023684 0.185833 0.032632 0.038333
4 0.013158 0.621667 0.047368 0.156667
4 0.588421 0.255833 0.105263 0.181667
5 0.785789 0.457500 0.047368 0.141667
5 0.264737 0.384167 0.032632 0.118333
0 0.032632 0.160000 0.040000 0.033333
0 0.099474 0.137500 0.038947 0.041667
0 0.029474 0.207500 0.042105 0.038333
0 0.016842 0.303333 0.061053 0.060000
0 0.020526 0.361667 0.062105 0.063333
1 0.068947 0.242500 0.043158 0.038333
0 0.146842 0.491667 0.104211 0.080000
0 0.970526 0.325000 0.080000 0.076667
0 0.734737 0.596667 0.155789 0.086667