0 0.445263 0.466667 0.113684 0.083333
0 0.012632 0.183333 0.031579 0.036667
4 0.012105 0.621667 0.047368 0.156667
4 0.587368 0.259167 0.105263 0.181667
5 0.786842 0.457500 0.047368 0.141667
5 0.264737 0.384167 0.032632 0.118333
0 0.033684 0.162500 0.037895 0.031667
0 0.099474 0.137500 0.038947 0.041667
0 0.026316 0.203333 0.040000 0.036667
0 0.018421 0.293333 0.057895 0.056667
0 0.016316 0.345833 0.053684 0.055000
1 0.068947 0.232500 0.043158 0.038333
0 0.111053 0.470000 0.100000 0.076667
0 0.994737 0.335833 0.061053 0.071667
0 0.659474 0.598333 0.148421 0.083333
0 0.920844 0.829167 0.155372 0.138333