0 0.446316 0.468333 0.113684 0.083333
4 0.012105 0.623333 0.047368 0.156667
4 0.587368 0.257500 0.105263 0.181667
5 0.785789 0.455833 0.047368 0.141667
5 0.264737 0.384167 0.032632 0.118333
0 0.033684 0.161667 0.040000 0.033333
0 0.099474 0.137500 0.038947 0.041667
0 0.025263 0.201667 0.040000 0.036667
0 0.018421 0.288333 0.057895 0.056667
0 0.015263 0.339167 0.053684 0.055000
1 0.067895 0.228333 0.041053 0.036667
0 0.093158 0.460000 0.100000 0.076667
0 0.987368 0.335833 0.061053 0.071667
0 0.617895 0.600000 0.155789 0.086667
0 0.866842 0.825833 0.180000 0.138333
0 0.976399 0.550265 0.058480 0.100529