0 0.446316 0.468333 0.113684 0.083333
4 0.012105 0.621667 0.047368 0.156667
4 0.587368 0.257500 0.105263 0.181667
5 0.785789 0.455833 0.047368 0.141667
5 0.264737 0.384167 0.032632 0.118333
0 0.032632 0.161667 0.040000 0.033333
0 0.099474 0.137500 0.038947 0.041667
0 0.024211 0.200833 0.037895 0.035000
0 0.019474 0.286667 0.057895 0.056667
0 0.014211 0.335833 0.053684 0.055000
1 0.066842 0.228333 0.041053 0.036667
0 0.084737 0.453333 0.100000 0.076667
0 0.600000 0.601667 0.155789 0.086667
0 0.832105 0.824167 0.180000 0.138333
0 0.967895 0.553333 0.057895 0.100000