0 0.445263 0.468333 0.113684 0.083333
4 0.012105 0.621667 0.047368 0.156667
4 0.586316 0.255833 0.105263 0.181667
5 0.785789 0.454167 0.047368 0.141667
5 0.263684 0.382500 0.032632 0.118333
0 0.031579 0.160000 0.040000 0.033333
0 0.099474 0.135833 0.038947 0.041667
0 0.023158 0.199167 0.037895 0.035000
0 0.019474 0.283333 0.057895 0.056667
0 0.013158 0.332500 0.053684 0.055000
1 0.065789 0.226667 0.041053 0.036667
0 0.083634 0.453624 0.089140 0.076667
0 0.582105 0.600000 0.155789 0.086667
0 0.798421 0.820833 0.180000 0.138333
0 0.965940 0.556667 0.072932 0.100000