0 0.446316 0.468333 0.113684 0.083333
4 0.011053 0.620000 0.047368 0.156667
4 0.586316 0.257500 0.105263 0.181667
5 0.785789 0.455833 0.047368 0.141667
5 0.264737 0.385833 0.032632 0.118333
0 0.031579 0.161667 0.040000 0.033333
0 0.099474 0.135833 0.038947 0.041667
0 0.021053 0.271667 0.054737 0.053333
0 0.010526 0.312500 0.048421 0.048333
1 0.061579 0.219167 0.034737 0.031667
0 0.051579 0.417500 0.084211 0.071667
0 0.463158 0.590000 0.155789 0.086667
0 0.582632 0.820833 0.180000 0.138333
0 0.905263 0.567500 0.145263 0.115000