0 0.445263 0.466667 0.113684 0.083333
4 0.011053 0.620000 0.047368 0.156667
4 0.586316 0.255833 0.105263 0.181667
5 0.784737 0.455833 0.047368 0.141667
5 0.264737 0.384167 0.032632 0.118333
0 0.031579 0.161667 0.040000 0.033333
0 0.099474 0.135833 0.038947 0.041667
0 0.022632 0.266667 0.057895 0.056667
0 0.011579 0.305833 0.050526 0.051667
1 0.060526 0.215833 0.034737 0.031667
0 0.042105 0.407500 0.084211 0.071667
0 0.425789 0.583333 0.163158 0.090000
0 0.513158 0.824167 0.180000 0.138333
0 0.873158 0.575000 0.152632 0.120000