0 0.445263 0.466667 0.113684 0.083333
4 0.011053 0.620000 0.047368 0.156667
4 0.585263 0.255833 0.105263 0.181667
5 0.785789 0.455833 0.047368 0.141667
5 0.263684 0.384167 0.032632 0.118333
0 0.031579 0.161667 0.040000 0.033333
0 0.099474 0.135833 0.038947 0.041667
0 0.022632 0.263333 0.057895 0.056667
0 0.010526 0.302500 0.050526 0.051667
1 0.058947 0.211667 0.033684 0.030000
0 0.036842 0.397500 0.084211 0.071667
0 0.388947 0.573333 0.163158 0.090000
0 0.438421 0.824167 0.180000 0.138333
0 0.840526 0.576667 0.161053 0.126667