0 0.445263 0.468333 0.113684 0.083333
4 0.011053 0.620000 0.047368 0.156667
4 0.586316 0.255833 0.105263 0.181667
5 0.785789 0.455833 0.047368 0.141667
5 0.263684 0.384167 0.032632 0.118333
0 0.030526 0.163333 0.040000 0.033333
0 0.100526 0.135833 0.038947 0.041667
0 0.023158 0.256667 0.054737 0.053333
0 0.009474 0.294167 0.048421 0.048333
1 0.056842 0.209167 0.031579 0.028333
0 0.027895 0.384167 0.076842 0.065000
0 0.341053 0.565000 0.155789 0.086667
0 0.327895 0.824167 0.180000 0.138333
0 0.780526 0.585000 0.161053 0.126667