0 0.444211 0.468333 0.113684 0.083333
4 0.011053 0.618333 0.047368 0.156667
4 0.586316 0.257500 0.105263 0.181667
5 0.784737 0.454167 0.047368 0.141667
5 0.263684 0.384167 0.032632 0.118333
0 0.032632 0.163333 0.040000 0.033333
0 0.099474 0.135833 0.038947 0.041667
0 0.023684 0.256667 0.057895 0.056667
0 0.010526 0.291667 0.046316 0.046667
1 0.055789 0.208333 0.033684 0.030000
0 0.025789 0.375833 0.072632 0.061667
0 0.315263 0.558333 0.163158 0.090000
0 0.287895 0.830833 0.180000 0.138333
0 0.761579 0.585000 0.161053 0.126667