0 0.445263 0.466667 0.113684 0.083333
4 0.011053 0.620000 0.047368 0.156667
4 0.586316 0.255833 0.105263 0.181667
5 0.784737 0.455833 0.047368 0.141667
5 0.263684 0.384167 0.032632 0.118333
0 0.031579 0.163333 0.040000 0.033333
0 0.099474 0.135833 0.038947 0.041667
0 0.025789 0.245000 0.057895 0.056667
0 0.010000 0.275833 0.043158 0.045000
1 0.052632 0.202500 0.031579 0.028333
0 0.016316 0.347500 0.060000 0.051667
0 0.241579 0.528333 0.163158 0.090000
0 0.023158 0.839167 0.197895 0.151667
0 0.623684 0.593333 0.161053 0.126667
1 0.926374 0.573333 0.059064 0.056667