0 0.445263 0.466667 0.113684 0.083333
4 0.011053 0.620000 0.047368 0.156667
4 0.586316 0.255833 0.105263 0.181667
5 0.785789 0.455833 0.047368 0.141667
5 0.263684 0.384167 0.032632 0.118333
0 0.031579 0.163333 0.040000 0.033333
0 0.099474 0.135833 0.038947 0.041667
0 0.026842 0.243333 0.057895 0.056667
0 0.010000 0.272500 0.043158 0.045000
1 0.052632 0.202500 0.031579 0.028333
0 0.015263 0.340833 0.060000 0.051667
0 0.231579 0.522500 0.147368 0.081667
0 -0.027895 0.837500 0.207368 0.158333
0 0.599474 0.593333 0.161053 0.126667
1 0.914737 0.577500 0.061053 0.058333