0 0.445263 0.468333 0.113684 0.083333
4 0.012105 0.618333 0.047368 0.156667
4 0.585263 0.257500 0.105263 0.181667
5 0.785789 0.455833 0.047368 0.141667
5 0.263684 0.384167 0.032632 0.118333
0 0.031053 0.162500 0.041053 0.035000
0 0.099474 0.135833 0.038947 0.041667
0 0.027368 0.240000 0.054737 0.053333
0 0.010000 0.269167 0.043158 0.045000
1 0.051579 0.200000 0.033684 0.030000
0 0.012105 0.334167 0.060000 0.051667
0 0.206316 0.515000 0.155789 0.086667
0 0.556316 0.590000 0.152632 0.120000
1 0.890526 0.585000 0.058947 0.056667