0 0.445263 0.468333 0.113684 0.083333
4 0.011053 0.620000 0.047368 0.156667
4 0.586316 0.255833 0.105263 0.181667
5 0.785789 0.454167 0.047368 0.141667
5 0.263684 0.384167 0.032632 0.118333
0 0.031053 0.162500 0.041053 0.035000
0 0.099474 0.135833 0.038947 0.041667
0 0.028421 0.238333 0.054737 0.053333
0 0.010000 0.265833 0.041053 0.041667
1 0.050526 0.201667 0.033684 0.030000
0 0.013158 0.329167 0.060000 0.051667
0 0.195789 0.509167 0.147368 0.081667
0 0.535263 0.588333 0.161053 0.126667
1 0.877895 0.591667 0.058947 0.056667