0 0.445263 0.468333 0.113684 0.083333
4 0.012105 0.620000 0.047368 0.156667
4 0.586316 0.255833 0.105263 0.181667
5 0.785789 0.454167 0.047368 0.141667
5 0.263684 0.384167 0.032632 0.118333
0 0.031579 0.161667 0.040000 0.033333
0 0.099474 0.135833 0.038947 0.041667
0 0.028421 0.238333 0.054737 0.053333
0 0.009474 0.265000 0.040000 0.040000
1 0.050526 0.199167 0.031579 0.028333
0 0.012105 0.327500 0.060000 0.051667
0 0.184211 0.505833 0.147368 0.081667
0 0.517368 0.586667 0.161053 0.126667
1 0.865263 0.595000 0.058947 0.056667