0 0.445263 0.468333 0.113684 0.083333
4 0.010000 0.620000 0.047368 0.156667
4 0.586316 0.255833 0.105263 0.181667
5 0.785789 0.455833 0.047368 0.141667
5 0.263684 0.384167 0.032632 0.118333
0 0.031579 0.161667 0.040000 0.033333
0 0.099474 0.134167 0.038947 0.041667
0 0.029474 0.233333 0.054737 0.053333
0 0.010526 0.257500 0.037895 0.038333
1 0.047368 0.198333 0.033684 0.030000
0 0.008947 0.314167 0.060000 0.051667
0 0.145263 0.484167 0.147368 0.081667
0 0.432105 0.580000 0.152632 0.120000
1 0.804211 0.612500 0.061053 0.058333