0 0.445263 0.468333 0.113684 0.083333
4 0.010000 0.620000 0.047368 0.156667
4 0.585263 0.257500 0.105263 0.181667
5 0.785789 0.455833 0.047368 0.141667
5 0.263684 0.384167 0.032632 0.118333
0 0.031579 0.161667 0.040000 0.033333
0 0.099474 0.134167 0.038947 0.041667
0 0.029474 0.230000 0.054737 0.053333
0 0.010526 0.255833 0.037895 0.038333
1 0.047368 0.196667 0.033684 0.030000
0 0.008947 0.312500 0.060000 0.051667
0 0.133684 0.480833 0.147368 0.081667
0 0.408947 0.575000 0.161053 0.126667
1 0.787368 0.619167 0.061053 0.058333