0 0.445263 0.468333 0.113684 0.083333
4 0.011053 0.618333 0.047368 0.156667
4 0.586316 0.255833 0.105263 0.181667
5 0.784737 0.455833 0.047368 0.141667
5 0.263684 0.384167 0.032632 0.118333
0 0.031579 0.161667 0.040000 0.033333
0 0.099474 0.134167 0.038947 0.041667
0 0.029474 0.228333 0.054737 0.053333
0 0.010526 0.253333 0.040000 0.040000
1 0.046316 0.197500 0.031579 0.028333
0 0.010000 0.309167 0.060000 0.051667
0 0.143843 0.475833 0.108104 0.081667
0 0.394211 0.570000 0.161053 0.126667
1 0.771053 0.624167 0.064211 0.061667