0 0.446316 0.466667 0.113684 0.083333
4 0.011053 0.620000 0.047368 0.156667
4 0.586316 0.257500 0.105263 0.181667
5 0.785789 0.454167 0.047368 0.141667
5 0.263684 0.382500 0.032632 0.118333
0 0.031579 0.163333 0.040000 0.033333
0 0.099474 0.134167 0.038947 0.041667
0 0.030000 0.226667 0.051579 0.050000
0 0.010526 0.250000 0.040000 0.040000
1 0.044211 0.194167 0.031579 0.028333
0 0.009474 0.300833 0.056842 0.048333
0 0.126316 0.467500 0.107368 0.081667
0 0.358421 0.563333 0.161053 0.126667
1 0.733684 0.634167 0.067368 0.065000