0 0.446316 0.466667 0.113684 0.083333
4 0.011053 0.620000 0.047368 0.156667
4 0.585263 0.255833 0.105263 0.181667
5 0.785789 0.454167 0.047368 0.141667
5 0.263684 0.384167 0.032632 0.118333
0 0.031579 0.163333 0.040000 0.033333
0 0.099474 0.134167 0.038947 0.041667
0 0.030000 0.225000 0.051579 0.050000
0 0.011579 0.250000 0.040000 0.040000
1 0.043158 0.196667 0.033684 0.030000
0 0.008947 0.300000 0.053684 0.046667
0 0.118947 0.460833 0.107368 0.081667
0 0.341579 0.558333 0.161053 0.126667
1 0.713684 0.640833 0.071579 0.068333