0 0.445263 0.466667 0.113684 0.083333
4 0.011053 0.618333 0.047368 0.156667
4 0.585263 0.255833 0.105263 0.181667
5 0.785789 0.454167 0.047368 0.141667
5 0.263684 0.384167 0.032632 0.118333
0 0.031579 0.163333 0.040000 0.033333
0 0.098421 0.135833 0.038947 0.041667
0 0.030000 0.223333 0.051579 0.050000
0 0.010000 0.247500 0.041053 0.041667
1 0.042105 0.195000 0.033684 0.030000
0 0.007895 0.296667 0.053684 0.046667
0 0.112632 0.455833 0.107368 0.081667
0 0.321579 0.551667 0.161053 0.126667
1 0.693684 0.644167 0.071579 0.068333