0 0.445263 0.466667 0.113684 0.083333
4 0.011053 0.618333 0.047368 0.156667
4 0.586316 0.255833 0.105263 0.181667
5 0.784737 0.454167 0.047368 0.141667
5 0.263684 0.384167 0.032632 0.118333
0 0.031053 0.162500 0.041053 0.035000
0 0.098421 0.135833 0.038947 0.041667
0 0.031053 0.222500 0.049474 0.048333
0 0.010000 0.245833 0.041053 0.041667
1 0.038947 0.194167 0.031579 0.028333
0 0.007895 0.295000 0.053684 0.046667
0 0.103158 0.450833 0.107368 0.081667
0 0.310000 0.546667 0.161053 0.126667
1 0.673158 0.650833 0.074737 0.071667