0 0.445263 0.466667 0.113684 0.083333
4 0.011053 0.620000 0.047368 0.156667
4 0.585263 0.257500 0.105263 0.181667
5 0.785789 0.454167 0.047368 0.141667
5 0.263684 0.384167 0.032632 0.118333
0 0.031579 0.163333 0.040000 0.033333
0 0.098421 0.135833 0.038947 0.041667
0 0.031053 0.220833 0.049474 0.048333
0 0.010000 0.245833 0.041053 0.041667
1 0.037895 0.194167 0.031579 0.028333
0 0.008947 0.290000 0.051579 0.043333
0 0.094737 0.445833 0.107368 0.081667
0 0.296316 0.541667 0.161053 0.126667
1 0.660192 0.650132 0.079365 0.093915