0 0.446316 0.466667 0.113684 0.083333
4 0.011053 0.620000 0.047368 0.156667
4 0.585263 0.257500 0.105263 0.181667
5 0.784737 0.455833 0.047368 0.141667
5 0.263684 0.384167 0.032632 0.118333
0 0.031053 0.162500 0.041053 0.035000
0 0.100526 0.135833 0.038947 0.041667
0 0.031053 0.209167 0.047368 0.045000
0 0.011579 0.230833 0.037895 0.038333
1 0.020000 0.190000 0.027368 0.023333
0 0.007895 0.265000 0.051579 0.043333
0 0.041579 0.399167 0.085263 0.068333
0 0.168947 0.491667 0.123158 0.120000
1 0.415263 0.718333 0.095789 0.113333
0 0.955347 0.565000 0.102272 0.096667