0 0.445263 0.466667 0.113684 0.083333
4 0.011053 0.620000 0.047368 0.156667
4 0.586316 0.255833 0.105263 0.181667
5 0.785789 0.455833 0.047368 0.141667
5 0.263684 0.384167 0.032632 0.118333
0 0.031579 0.161667 0.040000 0.033333
0 0.100526 0.135833 0.038947 0.041667
0 0.031053 0.207500 0.047368 0.045000
0 0.011579 0.229167 0.037895 0.038333
1 0.017895 0.190000 0.027368 0.023333
0 0.007895 0.263333 0.051579 0.043333
0 0.045631 0.395000 0.062857 0.063333
0 0.157368 0.486005 0.123158 0.089577
1 0.383684 0.726667 0.095789 0.113333
0 0.939474 0.566667 0.102105 0.096667