0 0.445263 0.466667 0.113684 0.083333
4 0.010000 0.620000 0.047368 0.156667
4 0.586316 0.255833 0.105263 0.181667
5 0.785789 0.455833 0.047368 0.141667
5 0.263684 0.384167 0.032632 0.118333
0 0.031053 0.162500 0.041053 0.035000
0 0.099474 0.135833 0.038947 0.041667
0 0.030000 0.201667 0.045263 0.043333
0 0.011579 0.220833 0.037895 0.038333
0 0.010000 0.251667 0.051579 0.043333
0 0.026316 0.365000 0.056842 0.056667
0 0.096842 0.451667 0.111579 0.080000
0 0.833158 0.587500 0.146316 0.105000
1 0.152673 0.776455 0.101921 0.121693