0 0.444211 0.466667 0.113684 0.083333
4 0.012105 0.618333 0.047368 0.156667
4 0.585263 0.257500 0.105263 0.181667
5 0.785789 0.455833 0.047368 0.141667
5 0.263684 0.384167 0.032632 0.118333
0 0.031579 0.163333 0.040000 0.033333
0 0.099474 0.135833 0.038947 0.041667
0 0.030000 0.201667 0.045263 0.043333
0 0.011579 0.220833 0.037895 0.038333
0 0.008947 0.250000 0.053684 0.046667
0 0.026316 0.365000 0.056842 0.056667
0 0.096842 0.448333 0.111579 0.080000
0 0.832105 0.585833 0.146316 0.105000
1 0.151579 0.775833 0.101053 0.121667