0 0.446316 0.466667 0.113684 0.083333
4 0.010526 0.620833 0.044211 0.148333
4 0.586316 0.255833 0.105263 0.181667
5 0.784737 0.455833 0.047368 0.141667
5 0.263684 0.384167 0.032632 0.118333
0 0.031579 0.163333 0.040000 0.033333
0 0.099474 0.135833 0.038947 0.041667
0 0.030000 0.202500 0.043158 0.041667
0 0.011579 0.219167 0.037895 0.038333
0 0.008947 0.248333 0.053684 0.046667
0 0.025789 0.361667 0.053684 0.053333
0 0.090000 0.443333 0.106316 0.076667
0 0.813684 0.588333 0.138947 0.100000
1 0.118947 0.780833 0.101053 0.121667