0 0.445263 0.466667 0.113684 0.083333
4 0.011053 0.620000 0.047368 0.156667
4 0.586316 0.255833 0.105263 0.181667
5 0.785789 0.455833 0.047368 0.141667
5 0.263684 0.384167 0.032632 0.118333
0 0.031579 0.161667 0.040000 0.033333
0 0.099474 0.135833 0.038947 0.041667
0 0.028947 0.199167 0.043158 0.041667
0 0.011579 0.220000 0.035789 0.036667
0 0.008947 0.243333 0.053684 0.046667
0 0.023684 0.353333 0.053684 0.053333
0 0.077368 0.435000 0.106316 0.076667
0 0.773684 0.591667 0.138947 0.100000
1 0.037368 0.798333 0.106316 0.126667