0 0.445263 0.466667 0.113684 0.083333
4 0.011053 0.620000 0.047368 0.156667
4 0.586316 0.257500 0.105263 0.181667
5 0.785789 0.454167 0.047368 0.141667
5 0.263684 0.384167 0.032632 0.118333
0 0.031579 0.161667 0.040000 0.033333
0 0.099474 0.135833 0.038947 0.041667
0 0.026842 0.195000 0.041053 0.040000
0 0.009474 0.214167 0.033684 0.035000
0 0.010000 0.235000 0.051579 0.043333
0 0.016842 0.334167 0.048421 0.048333
0 0.048421 0.406667 0.101053 0.073333
0 0.643684 0.594167 0.167368 0.111667
0 0.898947 0.285000 0.080000 0.060000