0 0.445263 0.466667 0.113684 0.083333
4 0.012105 0.620000 0.047368 0.156667
4 0.586316 0.255833 0.105263 0.181667
5 0.784737 0.455833 0.047368 0.141667
5 0.263684 0.384167 0.032632 0.118333
0 0.031579 0.163333 0.040000 0.033333
0 0.099474 0.135833 0.038947 0.041667
0 0.024737 0.194167 0.036842 0.035000
0 0.010000 0.211667 0.032632 0.033333
0 0.010000 0.232500 0.049474 0.041667
0 0.014737 0.327500 0.048421 0.048333
0 0.041579 0.396667 0.095789 0.070000
0 0.609474 0.590833 0.147368 0.111667
0 0.917895 0.286667 0.080000 0.060000