0 0.445263 0.466667 0.113684 0.083333
4 0.011053 0.620000 0.047368 0.156667
4 0.586316 0.257500 0.105263 0.181667
5 0.785789 0.455833 0.047368 0.141667
5 0.263684 0.384167 0.032632 0.118333
0 0.031053 0.162500 0.041053 0.035000
0 0.099474 0.135833 0.038947 0.041667
0 0.021579 0.193333 0.034737 0.033333
0 0.008421 0.209167 0.033684 0.035000
0 0.011053 0.225833 0.049474 0.041667
0 0.014737 0.318333 0.046316 0.046667
0 0.036316 0.380000 0.060000 0.066667
0 0.521053 0.584167 0.141053 0.105000
0 0.941053 0.300000 0.086316 0.063333