0 0.445263 0.466667 0.113684 0.083333
4 0.011053 0.620000 0.047368 0.156667
4 0.585263 0.257500 0.105263 0.181667
5 0.785789 0.455833 0.047368 0.141667
5 0.263684 0.384167 0.032632 0.118333
0 0.031053 0.160833 0.041053 0.035000
0 0.099474 0.134167 0.038947 0.041667
0 0.020526 0.192500 0.036842 0.035000
0 0.008421 0.210833 0.033684 0.035000
0 0.010000 0.225833 0.049474 0.041667
0 0.014737 0.318333 0.046316 0.046667
0 0.035263 0.380000 0.060000 0.066667
0 0.520000 0.584167 0.141053 0.105000
0 0.942105 0.300000 0.086316 0.063333