0 0.445263 0.466667 0.113684 0.083333
4 0.011053 0.620000 0.047368 0.156667
4 0.585263 0.257500 0.105263 0.181667
5 0.784737 0.454167 0.047368 0.141667
5 0.263684 0.384167 0.032632 0.118333
0 0.031579 0.161667 0.040000 0.033333
0 0.099474 0.134167 0.038947 0.041667
0 0.017368 0.190833 0.038947 0.038333
0 0.008421 0.209167 0.033684 0.035000
0 0.010000 0.224167 0.049474 0.041667
0 0.013684 0.313333 0.046316 0.046667
0 0.031053 0.370000 0.060000 0.066667
0 0.474737 0.580833 0.141053 0.105000
0 0.968221 0.312593 0.086316 0.063333