0 0.445263 0.468333 0.113684 0.083333
4 0.011053 0.620000 0.047368 0.156667
4 0.586316 0.255833 0.105263 0.181667
5 0.785789 0.454167 0.047368 0.141667
5 0.263684 0.384167 0.032632 0.118333
0 0.031579 0.163333 0.040000 0.033333
0 0.098421 0.134167 0.038947 0.041667
0 0.015263 0.189167 0.038947 0.038333
0 0.008421 0.207500 0.033684 0.035000
0 0.009474 0.220833 0.044211 0.038333
0 0.012632 0.305000 0.046316 0.046667
0 0.026316 0.360000 0.056842 0.063333
0 0.411053 0.566667 0.133684 0.100000
0 0.986316 0.321667 0.086316 0.063333