0 0.210000 0.595318 0.112632 0.086957
0 0.441579 0.469900 0.118947 0.066890
0 0.905789 0.519231 0.114737 0.081940
0 0.036842 0.413043 0.088421 0.170569
0 0.025789 0.261706 0.036842 0.041806
0 0.064211 0.191472 0.031579 0.031773
0 0.056316 0.165552 0.043158 0.030100
0 0.130526 0.177258 0.033684 0.036789
4 0.017895 0.618729 0.035789 0.076923
4 0.585263 0.229097 0.098947 0.103679
5 0.784211 0.461538 0.050526 0.160535
0 0.097895 0.139632 0.029474 0.035117
0 0.295263 0.188963 0.057895 0.050167
1 0.130000 0.394649 0.038947 0.050167