0 0.159284 0.541594 0.102105 0.078595
0 0.441579 0.468227 0.118947 0.066890
0 0.905789 0.519231 0.114737 0.081940
0 0.017368 0.384615 0.076842 0.147157
0 0.030000 0.250000 0.036842 0.041806
0 0.056316 0.165552 0.043158 0.030100
0 0.130526 0.177258 0.033684 0.036789
4 0.017895 0.621237 0.037895 0.081940
4 0.584211 0.232441 0.098947 0.103679
5 0.783158 0.461538 0.050526 0.160535
0 0.097895 0.137960 0.029474 0.035117
0 0.295263 0.188963 0.057895 0.050167
1 0.107015 0.378962 0.034737 0.045151
2 0.105537 0.355820 0.016653 0.050265
0 0.734594 0.205688 0.044130 0.038360