0 0.346842 0.501667 0.133684 0.086667
0 0.596316 0.597500 0.144211 0.115000
0 0.446316 0.470000 0.113684 0.083333
0 0.821328 0.510000 0.147920 0.133333
4 0.014211 0.623333 0.047368 0.156667
4 0.588421 0.259167 0.105263 0.181667
5 0.784737 0.454167 0.047368 0.141667
5 0.265789 0.385833 0.032632 0.118333
0 0.033684 0.163333 0.040000 0.033333
0 0.100526 0.139167 0.038947 0.041667
0 0.935263 0.633333 0.167368 0.243333
0 0.022765 0.879630 0.060986 0.164021
1 0.978488 0.373677 0.025898 0.046296
1 0.933793 0.318783 0.030075 0.034392