0 0.086316 0.449833 0.080000 0.060201
0 0.441579 0.468227 0.118947 0.066890
0 0.905789 0.519231 0.114737 0.081940
0 0.037895 0.228261 0.031579 0.035117
0 0.056316 0.163880 0.043158 0.030100
0 0.129474 0.177258 0.033684 0.036789
4 0.017895 0.619565 0.037895 0.081940
4 0.584211 0.230769 0.098947 0.103679
5 0.782105 0.463211 0.050526 0.160535
0 0.098947 0.139632 0.029474 0.035117
0 0.295263 0.187291 0.057895 0.050167
1 0.080000 0.329431 0.035789 0.046823
2 0.077368 0.306856 0.013684 0.041806
0 0.983684 0.567726 0.087368 0.112040
0 0.833684 0.821070 0.187368 0.133779