0 0.063158 0.397993 0.080000 0.060201
0 0.440526 0.469900 0.118947 0.066890
0 0.905789 0.517559 0.114737 0.081940
0 0.040000 0.218227 0.031579 0.035117
0 0.056316 0.163880 0.043158 0.030100
0 0.130526 0.178930 0.033684 0.036789
4 0.017895 0.621237 0.040000 0.085284
4 0.584211 0.232441 0.098947 0.103679
5 0.784211 0.461538 0.050526 0.160535
0 0.097895 0.139632 0.029474 0.035117
0 0.295263 0.188963 0.057895 0.050167
1 0.072632 0.299331 0.035789 0.046823
2 0.070526 0.280100 0.012632 0.038462
0 0.965789 0.570234 0.095789 0.123746
0 0.492632 0.806020 0.187368 0.133779
0 0.916316 0.264214 0.064211 0.033445
2 0.023684 0.285117 0.020000 0.051839
0 0.945668 0.892857 0.143214 0.174603