0 0.060000 0.389632 0.080000 0.060201
0 0.441579 0.469900 0.118947 0.066890
0 0.905789 0.519231 0.114737 0.081940
0 0.041053 0.214883 0.031579 0.035117
0 0.056316 0.163880 0.043158 0.030100
0 0.129474 0.178930 0.033684 0.036789
4 0.017895 0.621237 0.040000 0.085284
4 0.584211 0.230769 0.098947 0.103679
5 0.784211 0.463211 0.050526 0.160535
0 0.097895 0.139632 0.029474 0.035117
0 0.295263 0.188963 0.057895 0.050167
1 0.072632 0.295987 0.035789 0.046823
2 0.070000 0.277592 0.011579 0.036789
0 0.966842 0.573579 0.095789 0.123746
0 0.431053 0.801003 0.196842 0.140468
0 0.916316 0.266722 0.068421 0.035117
2 0.030000 0.283445 0.020000 0.051839
0 0.906950 0.900132 0.213988 0.183862