0 0.058947 0.381271 0.080000 0.060201
0 0.440526 0.469900 0.118947 0.066890
0 0.905789 0.517559 0.114737 0.081940
0 0.042105 0.211538 0.031579 0.035117
0 0.056316 0.163880 0.043158 0.030100
0 0.131579 0.175585 0.033684 0.036789
4 0.017895 0.621237 0.037895 0.081940
4 0.583158 0.229097 0.098947 0.103679
5 0.783684 0.462375 0.047368 0.152174
0 0.098947 0.139632 0.029474 0.035117
0 0.296316 0.190635 0.057895 0.050167
1 0.071579 0.290970 0.035789 0.046823
2 0.069474 0.271739 0.012632 0.038462
0 0.965789 0.573579 0.095789 0.123746
0 0.367895 0.801003 0.196842 0.140468
2 0.034211 0.283445 0.020000 0.051839
0 0.946842 0.276756 0.066316 0.048495
0 0.849474 0.892977 0.250526 0.193980
0 0.013530 0.484127 0.079101 0.055556