0 0.134211 0.487500 0.102105 0.065000
0 0.450000 0.470833 0.108421 0.078333
0 0.355263 0.470000 0.154737 0.140000
4 0.013158 0.625833 0.049474 0.165000
4 0.589474 0.257500 0.105263 0.181667
5 0.785789 0.457500 0.047368 0.141667
5 0.266842 0.387500 0.032632 0.118333
0 0.033684 0.163333 0.040000 0.033333
0 0.099474 0.140000 0.036842 0.040000
0 0.683158 0.640000 0.515789 0.260000
1 0.933684 0.320000 0.029474 0.033333
0 0.078947 0.349167 0.065263 0.065000
0 0.961579 0.475833 0.081053 0.075000
0 0.927368 0.559167 0.122105 0.095000