0 0.127368 0.479167 0.082105 0.068333
0 0.447895 0.467500 0.108421 0.078333
0 0.349474 0.477500 0.122105 0.101667
4 0.012105 0.625833 0.049474 0.165000
4 0.589474 0.257500 0.105263 0.181667
5 0.784737 0.457500 0.047368 0.141667
5 0.266842 0.385833 0.032632 0.118333
0 0.033684 0.163333 0.040000 0.033333
0 0.099474 0.139167 0.038947 0.041667
0 0.633292 0.642222 0.508688 0.245556
1 0.934737 0.320000 0.029474 0.033333
0 0.082105 0.341667 0.048421 0.063333
0 0.948947 0.480833 0.081053 0.075000
0 0.915789 0.561667 0.128421 0.100000