0 0.052632 0.357023 0.071579 0.055184
0 0.441579 0.469900 0.118947 0.066890
0 0.905789 0.517559 0.114737 0.081940
0 0.040526 0.206522 0.028421 0.031773
0 0.056316 0.163880 0.043158 0.030100
0 0.129474 0.177258 0.033684 0.036789
4 0.017895 0.621237 0.037895 0.081940
4 0.584211 0.230769 0.098947 0.103679
5 0.784211 0.463211 0.050526 0.160535
0 0.097895 0.139632 0.029474 0.035117
0 0.296316 0.188963 0.057895 0.050167
1 0.070000 0.276756 0.034737 0.045151
2 0.066842 0.259197 0.011579 0.036789
0 0.966842 0.571906 0.095789 0.123746
0 0.181579 0.786789 0.196842 0.138796
2 0.050000 0.280936 0.017895 0.046823
0 0.995789 0.297659 0.063158 0.046823
0 0.044211 0.454849 0.082105 0.056856
0 0.588947 0.880435 0.291579 0.212375