0 0.065789 0.432500 0.066316 0.065000
0 0.445263 0.470000 0.113684 0.083333
0 0.247895 0.445833 0.106316 0.088333
4 0.013158 0.623333 0.047368 0.156667
4 0.588421 0.259167 0.105263 0.181667
5 0.785789 0.457500 0.047368 0.141667
5 0.265789 0.384167 0.032632 0.118333
0 0.033684 0.163333 0.040000 0.033333
0 0.100526 0.137500 0.038947 0.041667
0 0.489474 0.633333 0.484211 0.233333
1 0.934737 0.320000 0.029474 0.033333
0 0.071053 0.308333 0.043158 0.056667
0 0.896316 0.500000 0.108421 0.083333
0 0.846316 0.576667 0.147368 0.110000