0 0.028421 0.387500 0.063158 0.061667
0 0.445263 0.471667 0.113684 0.083333
0 0.167368 0.416667 0.101053 0.083333
4 0.013158 0.625000 0.047368 0.156667
4 0.588421 0.259167 0.105263 0.181667
5 0.785789 0.454167 0.047368 0.141667
5 0.266842 0.384167 0.032632 0.118333
0 0.033684 0.163333 0.040000 0.033333
0 0.100526 0.138333 0.036842 0.040000
0 0.385263 0.604167 0.461053 0.221667
1 0.934737 0.320000 0.029474 0.033333
0 0.064737 0.280000 0.041053 0.053333
0 0.782105 0.514167 0.120000 0.091667
0 0.753158 0.585000 0.163158 0.103333
2 0.927895 0.490000 0.020000 0.060000
1 0.924211 0.517447 0.044211 0.045106
0 0.963684 0.570000 0.083158 0.106667