0 0.045263 0.316054 0.065263 0.050167
0 0.441579 0.468227 0.118947 0.066890
0 0.905789 0.519231 0.114737 0.081940
0 0.036316 0.199833 0.028421 0.031773
0 0.056316 0.163880 0.043158 0.030100
0 0.130526 0.178094 0.035789 0.038462
4 0.017895 0.619565 0.037895 0.081940
4 0.584211 0.230769 0.098947 0.103679
5 0.783158 0.463211 0.050526 0.160535
0 0.098947 0.139632 0.029474 0.035117
0 0.295263 0.188963 0.057895 0.050167
1 0.062632 0.255017 0.036842 0.048495
2 0.060000 0.235786 0.010526 0.033445
0 0.965789 0.570234 0.095789 0.123746
2 0.080000 0.275920 0.018947 0.050167
0 0.719474 0.800167 0.180000 0.125418
2 0.156316 0.260033 0.013684 0.045151
0 0.068947 0.409699 0.062105 0.073579