0 0.024737 0.377500 0.060000 0.058333
0 0.445263 0.470000 0.113684 0.083333
0 0.166316 0.404167 0.101053 0.081667
4 0.013158 0.625000 0.047368 0.156667
4 0.589474 0.259167 0.105263 0.181667
5 0.784737 0.454167 0.047368 0.141667
5 0.265789 0.384167 0.032632 0.118333
0 0.034211 0.162500 0.038947 0.031667
0 0.099474 0.137500 0.038947 0.041667
0 0.353684 0.602500 0.461053 0.221667
1 0.935789 0.318333 0.029474 0.033333
0 0.065263 0.274167 0.040000 0.051667
0 0.750526 0.522500 0.138947 0.095000
0 0.726842 0.584167 0.171579 0.108333
1 0.909474 0.518135 0.044211 0.050397
0 0.960677 0.568386 0.083158 0.106667
2 0.911053 0.497500 0.022105 0.058333