0 0.021579 0.372500 0.060000 0.058333
0 0.445263 0.470000 0.113684 0.083333
0 0.158947 0.399167 0.101053 0.081667
4 0.013158 0.625000 0.047368 0.156667
4 0.589474 0.259167 0.105263 0.181667
5 0.784737 0.455833 0.047368 0.141667
5 0.265789 0.384167 0.032632 0.118333
0 0.034211 0.164167 0.038947 0.031667
0 0.099474 0.139167 0.038947 0.041667
0 0.331053 0.596667 0.438947 0.210000
1 0.935789 0.320000 0.029474 0.033333
0 0.065263 0.270833 0.040000 0.051667
0 0.731579 0.522500 0.138947 0.095000
0 0.712105 0.585833 0.171579 0.108333
0 0.954211 0.570000 0.083158 0.106667
2 0.902632 0.499167 0.022105 0.058333
1 0.900794 0.524471 0.054302 0.048942