0 0.031053 0.357500 0.045263 0.055000
0 0.445263 0.468333 0.113684 0.083333
0 0.136316 0.385833 0.095789 0.078333
4 0.014211 0.625000 0.047368 0.156667
4 0.588421 0.259167 0.105263 0.181667
5 0.785789 0.457500 0.047368 0.141667
5 0.266842 0.384167 0.032632 0.118333
0 0.032632 0.163333 0.040000 0.033333
0 0.099474 0.139167 0.038947 0.041667
0 0.291579 0.598333 0.429474 0.240000
1 0.933684 0.320000 0.029474 0.033333
0 0.065263 0.260833 0.040000 0.051667
0 0.671053 0.525833 0.131579 0.091667
0 0.671053 0.586667 0.163158 0.103333
0 0.944211 0.571667 0.103158 0.106667
1 0.870000 0.530833 0.053684 0.048333
0 0.955923 0.820000 0.090794 0.123333
2 0.872807 0.512566 0.020050 0.062169