0 0.031053 0.352500 0.045263 0.055000
0 0.445263 0.470000 0.113684 0.083333
0 0.130000 0.380833 0.095789 0.078333
4 0.013158 0.624167 0.049474 0.165000
4 0.588421 0.257500 0.105263 0.181667
5 0.785789 0.457500 0.047368 0.141667
5 0.265789 0.384167 0.032632 0.118333
0 0.032632 0.163333 0.040000 0.033333
0 0.100526 0.137500 0.038947 0.041667
0 0.270526 0.595000 0.429474 0.240000
1 0.933684 0.320000 0.029474 0.033333
0 0.065263 0.259167 0.037895 0.048333
0 0.648947 0.525833 0.131579 0.091667
0 0.656316 0.585833 0.171579 0.108333
0 0.936842 0.575000 0.103158 0.106667
1 0.856316 0.532500 0.053684 0.048333
0 0.945789 0.820000 0.127368 0.123333
2 0.861947 0.510582 0.015038 0.084656