0 0.043158 0.295987 0.056842 0.043478
0 0.441579 0.468227 0.118947 0.066890
0 0.904737 0.519231 0.114737 0.081940
0 0.029474 0.194816 0.025263 0.028428
0 0.056316 0.163880 0.043158 0.030100
0 0.130526 0.177258 0.033684 0.036789
4 0.016842 0.619565 0.037895 0.081940
4 0.584211 0.230769 0.098947 0.103679
5 0.784211 0.461538 0.050526 0.160535
0 0.098947 0.141304 0.029474 0.035117
0 0.296316 0.188963 0.057895 0.050167
1 0.057368 0.256689 0.036842 0.048495
2 0.054737 0.224916 0.010526 0.031773
0 0.965789 0.571906 0.095789 0.123746
2 0.096316 0.272575 0.022105 0.056856
0 0.477368 0.774247 0.163158 0.113712
2 0.144211 0.255017 0.014737 0.048495
0 0.077368 0.377926 0.062105 0.073579