0 0.027895 0.337500 0.045263 0.055000
0 0.445263 0.470000 0.113684 0.083333
0 0.118789 0.372500 0.082423 0.078333
4 0.013158 0.625833 0.049474 0.165000
4 0.588421 0.260833 0.105263 0.181667
5 0.785789 0.457500 0.047368 0.141667
5 0.265789 0.384167 0.032632 0.118333
0 0.032632 0.163333 0.040000 0.033333
0 0.099474 0.137500 0.038947 0.041667
0 0.236525 0.569815 0.408421 0.230000
1 0.934737 0.320000 0.029474 0.033333
0 0.064211 0.252500 0.037895 0.048333
0 0.583684 0.524167 0.131579 0.091667
0 0.614211 0.588333 0.163158 0.103333
0 0.921579 0.578333 0.114737 0.106667
1 0.822105 0.538333 0.056842 0.050000
0 0.893434 0.818333 0.216341 0.123333
2 0.822089 0.515979 0.023158 0.083333