0 0.027895 0.320833 0.043158 0.051667
0 0.445263 0.468333 0.113684 0.083333
0 0.102105 0.355833 0.082105 0.078333
4 0.014211 0.626667 0.047368 0.156667
4 0.588421 0.259167 0.105263 0.181667
5 0.785789 0.455833 0.047368 0.141667
5 0.265789 0.384167 0.032632 0.118333
0 0.033684 0.165000 0.040000 0.033333
0 0.099474 0.140000 0.041053 0.043333
0 0.187895 0.557500 0.388421 0.218333
1 0.935789 0.320000 0.029474 0.033333
0 0.064211 0.243333 0.035789 0.046667
0 0.506842 0.515000 0.125263 0.086667
0 0.553158 0.584167 0.171579 0.108333
0 0.884737 0.586667 0.114737 0.106667
1 0.760526 0.545833 0.062105 0.055000
0 0.761579 0.813333 0.205263 0.116667