0 0.042105 0.282609 0.056842 0.043478
0 0.441579 0.468227 0.118947 0.066890
0 0.905789 0.519231 0.114737 0.081940
0 0.056316 0.163880 0.043158 0.030100
0 0.130526 0.177258 0.033684 0.036789
4 0.016842 0.619565 0.037895 0.081940
4 0.584211 0.230769 0.098947 0.103679
5 0.784211 0.461538 0.050526 0.160535
0 0.097895 0.141304 0.029474 0.035117
0 0.295263 0.188963 0.057895 0.050167
1 0.055263 0.253344 0.036842 0.048495
2 0.052632 0.222408 0.010526 0.033445
0 0.965789 0.571906 0.095789 0.123746
2 0.107368 0.273411 0.021053 0.055184
0 0.353158 0.765886 0.163158 0.113712
2 0.136842 0.256689 0.014737 0.048495
0 0.079474 0.362876 0.053684 0.063545
0 0.037895 0.450669 0.084211 0.068562
0 0.016316 0.194816 0.034737 0.038462