0 0.042105 0.280936 0.056842 0.043478
0 0.441579 0.468227 0.118947 0.066890
0 0.905789 0.519231 0.114737 0.081940
0 0.056316 0.163880 0.043158 0.030100
0 0.129474 0.177258 0.033684 0.036789
4 0.017895 0.621237 0.037895 0.081940
4 0.584211 0.230769 0.098947 0.103679
5 0.783158 0.461538 0.050526 0.160535
0 0.097895 0.141304 0.029474 0.035117
0 0.295263 0.188963 0.057895 0.050167
1 0.055263 0.251672 0.036842 0.048495
2 0.052632 0.222408 0.010526 0.033445
0 0.965789 0.571906 0.095789 0.123746
2 0.109474 0.273411 0.021053 0.055184
0 0.325789 0.762542 0.163158 0.113712
2 0.134737 0.255017 0.014737 0.048495
0 0.079474 0.361204 0.053684 0.063545
0 0.044211 0.445652 0.084211 0.068562
0 0.016316 0.193144 0.034737 0.038462