0 0.041053 0.265886 0.056842 0.043478
0 0.440526 0.468227 0.118947 0.066890
0 0.905789 0.519231 0.114737 0.081940
0 0.056316 0.163880 0.043158 0.030100
0 0.130526 0.178094 0.035789 0.038462
4 0.017895 0.619565 0.037895 0.081940
4 0.584211 0.232441 0.098947 0.103679
5 0.783158 0.461538 0.050526 0.160535
0 0.097895 0.139632 0.029474 0.035117
0 0.295263 0.187291 0.057895 0.050167
1 0.051579 0.242475 0.033684 0.043478
2 0.048421 0.214883 0.010526 0.031773
0 0.965789 0.571906 0.095789 0.123746
2 0.118421 0.271739 0.020000 0.051839
0 0.150526 0.756689 0.170526 0.118729
2 0.126316 0.255853 0.014737 0.046823
0 0.082632 0.342809 0.053684 0.063545
0 0.057895 0.425585 0.084211 0.068562
0 0.007895 0.193980 0.032632 0.036789
0 0.016363 0.374370 0.032632 0.058528