0 0.031053 0.277500 0.041053 0.048333
0 0.445263 0.466667 0.113684 0.083333
0 0.082632 0.311667 0.062105 0.073333
4 0.012105 0.623333 0.047368 0.156667
4 0.588421 0.257500 0.105263 0.181667
5 0.785789 0.459167 0.047368 0.141667
5 0.265789 0.382500 0.032632 0.118333
0 0.032632 0.163333 0.040000 0.033333
0 0.098421 0.137500 0.038947 0.041667
0 0.083158 0.478333 0.248421 0.160000
1 0.934737 0.320000 0.029474 0.033333
0 0.058947 0.219167 0.033684 0.045000
0 0.283684 0.480000 0.112632 0.076667
0 0.405789 0.565000 0.146316 0.113333
0 0.758421 0.600000 0.135789 0.116667
1 0.554211 0.540833 0.068421 0.061667
0 0.344737 0.795833 0.201053 0.128333
2 0.560276 0.513003 0.030058 0.071667