0 0.041053 0.254181 0.056842 0.043478
0 0.440526 0.466555 0.118947 0.066890
0 0.904737 0.519231 0.114737 0.081940
0 0.056316 0.162207 0.043158 0.030100
0 0.129474 0.178094 0.035789 0.038462
4 0.017895 0.617893 0.037895 0.081940
4 0.583158 0.230769 0.098947 0.103679
5 0.783158 0.459866 0.050526 0.160535
0 0.097895 0.139632 0.029474 0.035117
0 0.295263 0.185619 0.057895 0.050167
1 0.049474 0.232441 0.031579 0.040134
2 0.046316 0.206522 0.010526 0.031773
0 0.965789 0.571906 0.095789 0.123746
0 -0.029474 0.755017 0.162105 0.112040
2 0.127368 0.257525 0.016842 0.053512
0 0.081579 0.329431 0.053684 0.063545
0 0.070526 0.405518 0.075789 0.061873
2 0.952105 0.302676 0.013684 0.036789
1 0.954211 0.311037 0.036842 0.036789
0 0.018947 0.357023 0.037895 0.078595