0 0.041053 0.250836 0.056842 0.043478
0 0.440526 0.466555 0.118947 0.066890
0 0.905789 0.519231 0.114737 0.081940
0 0.056316 0.162207 0.043158 0.030100
0 0.129474 0.178094 0.035789 0.038462
4 0.017895 0.619565 0.037895 0.081940
4 0.583158 0.230769 0.098947 0.103679
5 0.782105 0.459866 0.050526 0.160535
0 0.097895 0.137960 0.029474 0.035117
0 0.295263 0.185619 0.057895 0.050167
1 0.048421 0.229097 0.031579 0.040134
2 0.044211 0.204849 0.010526 0.031773
0 0.964737 0.571906 0.095789 0.123746
2 0.127895 0.259197 0.017895 0.056856
0 0.080000 0.324415 0.050526 0.060201
0 0.074211 0.400502 0.072632 0.058528
2 0.962105 0.308528 0.012632 0.035117
1 0.962632 0.316054 0.036842 0.036789
0 0.019474 0.350334 0.038947 0.081940