0 0.041053 0.247492 0.056842 0.043478
0 0.440526 0.468227 0.118947 0.066890
0 0.904737 0.519231 0.114737 0.081940
0 0.056316 0.160535 0.043158 0.030100
0 0.129474 0.174749 0.035789 0.038462
4 0.016842 0.619565 0.037895 0.081940
4 0.583158 0.230769 0.098947 0.103679
5 0.782105 0.459866 0.050526 0.160535
0 0.097895 0.137960 0.029474 0.035117
0 0.295263 0.185619 0.057895 0.050167
1 0.047368 0.229097 0.031579 0.040134
2 0.043158 0.206522 0.010526 0.031773
0 0.965789 0.571906 0.095789 0.123746
0 0.080000 0.321070 0.050526 0.060201
0 0.075263 0.393813 0.072632 0.058528
2 0.966842 0.311037 0.013684 0.036789
1 0.966842 0.319398 0.036842 0.036789
0 0.021053 0.345318 0.037895 0.078595
2 0.135512 0.263228 0.013322 0.050265