0 0.032105 0.257500 0.041053 0.048333
0 0.444211 0.465000 0.113684 0.083333
0 0.080526 0.290000 0.060000 0.070000
4 0.012105 0.623333 0.047368 0.156667
4 0.588421 0.255833 0.105263 0.181667
5 0.785789 0.459167 0.047368 0.141667
5 0.264737 0.384167 0.032632 0.118333
0 0.033684 0.161667 0.040000 0.033333
0 0.099474 0.137500 0.038947 0.041667
0 0.057895 0.470000 0.157895 0.186667
1 0.935263 0.319167 0.030526 0.035000
0 0.049474 0.207500 0.031579 0.041667
0 0.186842 0.446667 0.112632 0.076667
0 0.336316 0.547500 0.142105 0.101667
0 0.677368 0.600833 0.129474 0.111667
1 0.450526 0.525833 0.061053 0.055000
0 0.114737 0.795833 0.183158 0.115000
2 0.458154 0.510992 0.024211 0.071667
0 0.908772 0.825000 0.188070 0.126667