0 0.040000 0.242475 0.056842 0.043478
0 0.440526 0.468227 0.118947 0.066890
0 0.905789 0.519231 0.114737 0.081940
0 0.055263 0.160535 0.043158 0.030100
0 0.129474 0.176421 0.035789 0.038462
4 0.016316 0.619565 0.038947 0.085284
4 0.583158 0.230769 0.098947 0.103679
5 0.783158 0.459866 0.050526 0.160535
0 0.097895 0.137960 0.029474 0.035117
0 0.295263 0.185619 0.057895 0.050167
1 0.046316 0.224080 0.031579 0.040134
2 0.041053 0.204849 0.010526 0.031773
0 0.964737 0.570234 0.095789 0.123746
0 0.081053 0.317726 0.050526 0.060201
0 0.078421 0.390468 0.072632 0.058528
2 0.975789 0.314381 0.014737 0.040134
1 0.977368 0.320234 0.034737 0.035117
0 0.024211 0.340301 0.037895 0.078595
2 0.137368 0.261706 0.013684 0.051839
0 0.960239 0.826720 0.099084 0.156085