0 0.034211 0.247500 0.038947 0.045000
0 0.444211 0.466667 0.113684 0.083333
0 0.079474 0.280000 0.060000 0.070000
4 0.012105 0.621667 0.047368 0.156667
4 0.588421 0.255833 0.105263 0.181667
5 0.785789 0.457500 0.047368 0.141667
5 0.264737 0.384167 0.032632 0.118333
0 0.033684 0.161667 0.040000 0.033333
0 0.099474 0.137500 0.038947 0.041667
0 0.023158 0.450000 0.149474 0.176667
1 0.936316 0.322500 0.030526 0.035000
0 0.038947 0.204167 0.031579 0.041667
0 0.154211 0.426667 0.112632 0.076667
0 0.291053 0.537500 0.142105 0.101667
0 0.617368 0.601667 0.135789 0.116667
1 0.392673 0.493347 0.052548 0.061667
0 -0.039474 0.785833 0.203158 0.131667
0 0.786316 0.823333 0.204211 0.120000