0 0.041053 0.239130 0.056842 0.043478
0 0.440526 0.468227 0.118947 0.066890
0 0.904737 0.520903 0.114737 0.081940
0 0.056316 0.160535 0.043158 0.030100
0 0.129474 0.176421 0.035789 0.038462
4 0.015789 0.619565 0.037895 0.081940
4 0.584211 0.232441 0.098947 0.103679
5 0.782105 0.458194 0.050526 0.160535
0 0.097895 0.137960 0.029474 0.035117
0 0.295263 0.183946 0.057895 0.050167
1 0.043158 0.220736 0.031579 0.040134
2 0.039474 0.200669 0.011579 0.033445
0 0.964737 0.570234 0.095789 0.123746
0 0.080000 0.314381 0.050526 0.060201
0 0.083684 0.380435 0.068421 0.055184
2 0.984737 0.317726 0.013684 0.036789
1 0.985789 0.328595 0.034737 0.035117
0 0.025263 0.337793 0.035789 0.073579
2 0.140526 0.261706 0.013684 0.051839
0 0.934427 0.821429 0.162364 0.140212