0 0.035263 0.226667 0.036842 0.043333
0 0.444211 0.466667 0.113684 0.083333
0 0.080526 0.253333 0.053684 0.063333
4 0.012105 0.621667 0.047368 0.156667
4 0.587368 0.257500 0.105263 0.181667
5 0.785789 0.457500 0.047368 0.141667
5 0.265789 0.384167 0.032632 0.118333
0 0.032632 0.163333 0.040000 0.033333
0 0.100526 0.139167 0.038947 0.041667
1 0.945263 0.327500 0.033684 0.038333
0 0.082632 0.357500 0.066316 0.061667
0 0.201053 0.495000 0.122105 0.086667
0 0.475263 0.592500 0.129474 0.111667
1 0.251053 0.445000 0.057895 0.066667
0 0.417895 0.830000 0.204211 0.120000
0 0.933684 0.560000 0.130526 0.106667