0 0.034211 0.226667 0.036842 0.043333
0 0.445263 0.466667 0.113684 0.083333
0 0.079474 0.251667 0.053684 0.063333
4 0.013158 0.621667 0.047368 0.156667
4 0.588421 0.257500 0.105263 0.181667
5 0.785789 0.457500 0.047368 0.141667
5 0.265789 0.384167 0.032632 0.118333
0 0.032632 0.163333 0.040000 0.033333
0 0.100526 0.139167 0.038947 0.041667
1 0.945263 0.327500 0.033684 0.038333
0 0.077368 0.352500 0.066316 0.061667
0 0.192632 0.493333 0.122105 0.086667
0 0.458421 0.592500 0.129474 0.111667
1 0.237895 0.440000 0.054737 0.063333
0 0.381053 0.831667 0.204211 0.120000
0 0.922105 0.561667 0.130526 0.106667