0 0.034211 0.221667 0.036842 0.043333
0 0.444211 0.468333 0.113684 0.083333
0 0.080526 0.246667 0.051579 0.060000
4 0.013158 0.621667 0.047368 0.156667
4 0.588421 0.257500 0.105263 0.181667
5 0.784737 0.457500 0.047368 0.141667
5 0.265789 0.382500 0.032632 0.118333
0 0.032632 0.163333 0.040000 0.033333
0 0.100526 0.139167 0.038947 0.041667
1 0.949474 0.326667 0.035789 0.040000
0 0.070000 0.340833 0.066316 0.061667
0 0.174737 0.484167 0.115789 0.081667
0 0.430000 0.587500 0.123158 0.105000
1 0.214737 0.431667 0.054737 0.063333
0 0.298947 0.836667 0.214737 0.126667
0 0.894737 0.566667 0.130526 0.106667