0 0.042105 0.210702 0.048421 0.036789
0 0.439474 0.466555 0.118947 0.066890
0 0.904737 0.520903 0.114737 0.081940
0 0.055263 0.160535 0.043158 0.030100
0 0.129474 0.176421 0.035789 0.038462
4 0.016842 0.619565 0.037895 0.081940
4 0.584211 0.230769 0.098947 0.103679
5 0.783158 0.459866 0.050526 0.160535
0 0.096842 0.139632 0.029474 0.035117
0 0.296316 0.183946 0.057895 0.050167
0 0.964737 0.570234 0.095789 0.123746
0 0.078947 0.292642 0.050526 0.060201
0 0.092105 0.332776 0.062105 0.050167
0 0.030526 0.290970 0.033684 0.070234
0 0.330000 0.816054 0.215789 0.187291
0 0.076842 0.408027 0.088421 0.066890
2 0.080526 0.258361 0.015789 0.048495
0 0.022632 0.374582 0.034737 0.076923
2 0.177895 0.265886 0.016842 0.043478
2 0.164211 0.264214 0.012632 0.050167