0 0.027368 0.210000 0.031579 0.036667
0 0.444211 0.468333 0.113684 0.083333
0 0.080000 0.227500 0.044211 0.051667
4 0.012105 0.621667 0.047368 0.156667
4 0.588421 0.259167 0.105263 0.181667
5 0.785789 0.457500 0.047368 0.141667
5 0.265789 0.384167 0.032632 0.118333
0 0.033684 0.163333 0.040000 0.033333
0 0.099474 0.139167 0.038947 0.041667
0 0.058421 0.304167 0.066316 0.061667
0 0.110526 0.453333 0.098947 0.086667
0 0.306842 0.556667 0.116842 0.100000
1 0.130000 0.388333 0.043158 0.050000
0 0.754737 0.587500 0.136842 0.111667
0 -0.010526 0.855000 0.092632 0.136667