0 0.025789 0.207500 0.030526 0.035000
0 0.445263 0.468333 0.113684 0.083333
0 0.078947 0.225833 0.044211 0.051667
4 0.013158 0.621667 0.047368 0.156667
4 0.588421 0.259167 0.105263 0.181667
5 0.785789 0.457500 0.047368 0.141667
5 0.265789 0.384167 0.032632 0.118333
0 0.033684 0.163333 0.040000 0.033333
0 0.099474 0.139167 0.038947 0.041667
0 0.055789 0.295833 0.063158 0.058333
0 0.096842 0.446667 0.098947 0.086667
0 0.280526 0.548333 0.116842 0.100000
1 0.105789 0.391667 0.055789 0.050000
0 0.723158 0.587500 0.136842 0.111667