0 0.024737 0.204167 0.030526 0.035000
0 0.444211 0.468333 0.113684 0.083333
0 0.078947 0.222500 0.042105 0.048333
4 0.013158 0.621667 0.047368 0.156667
4 0.588421 0.255833 0.105263 0.181667
5 0.785789 0.457500 0.047368 0.141667
5 0.265789 0.384167 0.032632 0.118333
0 0.033158 0.162500 0.041053 0.035000
0 0.099474 0.137500 0.038947 0.041667
0 0.052632 0.289167 0.063158 0.058333
0 0.084211 0.438333 0.094737 0.083333
0 0.252105 0.541667 0.116842 0.100000
1 0.106842 0.365000 0.055789 0.050000
0 0.687895 0.591667 0.144211 0.116667