0 0.037895 0.202341 0.040000 0.030100
0 0.440526 0.466555 0.118947 0.066890
0 0.903684 0.519231 0.114737 0.081940
0 0.056316 0.160535 0.043158 0.030100
0 0.128947 0.177258 0.036842 0.040134
4 0.016316 0.619565 0.038947 0.085284
4 0.583158 0.230769 0.098947 0.103679
5 0.782105 0.461538 0.050526 0.160535
0 0.097895 0.139632 0.029474 0.035117
0 0.296316 0.183110 0.060000 0.051839
0 0.964737 0.571906 0.095789 0.123746
0 0.080000 0.290970 0.048421 0.056856
0 0.091053 0.321070 0.062105 0.050167
0 0.031579 0.284281 0.035789 0.073579
0 0.026842 0.821906 0.205263 0.178930
0 0.081053 0.378763 0.084211 0.065217
2 0.061579 0.258361 0.015789 0.048495
2 0.174737 0.265886 0.012632 0.050167
0 0.900526 0.823579 0.192632 0.185619
0 0.021053 0.358696 0.040000 0.075251