0 0.017368 0.198333 0.028421 0.033333
0 0.445263 0.466667 0.113684 0.083333
0 0.077895 0.217500 0.042105 0.048333
4 0.012105 0.621667 0.047368 0.156667
4 0.588421 0.257500 0.105263 0.181667
5 0.786842 0.457500 0.047368 0.141667
5 0.265789 0.384167 0.032632 0.118333
0 0.032105 0.162500 0.041053 0.035000
0 0.099474 0.137500 0.038947 0.041667
0 0.047368 0.274167 0.063158 0.058333
0 0.063158 0.422500 0.086316 0.075000
0 0.202632 0.526667 0.116842 0.100000
1 0.088947 0.348333 0.055789 0.050000
0 0.620000 0.594167 0.136842 0.111667
0 0.971805 0.830688 0.082707 0.119048