0 0.016316 0.198333 0.028421 0.033333
0 0.445263 0.466667 0.113684 0.083333
0 0.076842 0.215833 0.042105 0.048333
4 0.012105 0.621667 0.047368 0.156667
4 0.588421 0.257500 0.105263 0.181667
5 0.785789 0.457500 0.047368 0.141667
5 0.264737 0.384167 0.032632 0.118333
0 0.032105 0.162500 0.041053 0.035000
0 0.100526 0.137500 0.038947 0.041667
0 0.046316 0.272500 0.063158 0.058333
0 0.060000 0.417500 0.082105 0.071667
0 0.188947 0.520000 0.116842 0.100000
1 0.085263 0.342500 0.050526 0.045000
0 0.609474 0.595833 0.136842 0.111667
0 0.956274 0.837130 0.118864 0.143466