0 0.035789 0.200669 0.044211 0.033445
0 0.440526 0.466555 0.118947 0.066890
0 0.904737 0.519231 0.114737 0.081940
0 0.056316 0.160535 0.043158 0.030100
0 0.129474 0.178094 0.035789 0.038462
4 0.015263 0.617893 0.038947 0.085284
4 0.583158 0.230769 0.098947 0.103679
5 0.782105 0.461538 0.050526 0.160535
0 0.097895 0.137960 0.029474 0.035117
0 0.295263 0.186455 0.060000 0.051839
0 0.964737 0.570234 0.095789 0.123746
0 0.080000 0.289298 0.048421 0.056856
0 0.091053 0.319398 0.062105 0.050167
0 0.030526 0.282609 0.035789 0.073579
0 0.085789 0.372074 0.072632 0.055184
2 0.057368 0.255017 0.015789 0.045151
2 0.175263 0.263378 0.013684 0.051839
0 0.023158 0.354515 0.042105 0.080268
0 -0.015789 0.825251 0.143158 0.128763
0 0.868232 0.821429 0.254787 0.166667