0 0.445263 0.468333 0.113684 0.083333
0 0.073684 0.205833 0.042105 0.048333
4 0.013158 0.620000 0.047368 0.156667
4 0.588421 0.257500 0.105263 0.181667
5 0.785789 0.457500 0.047368 0.141667
5 0.264737 0.385833 0.032632 0.118333
0 0.032632 0.161667 0.040000 0.033333
0 0.099474 0.137500 0.038947 0.041667
0 0.040526 0.252500 0.060000 0.055000
0 0.048421 0.386667 0.082105 0.080000
0 0.135263 0.491667 0.083158 0.100000
1 0.066842 0.315833 0.047368 0.041667
0 0.482105 0.590833 0.136842 0.111667
0 0.725263 0.846667 0.212632 0.150000