0 0.022105 0.194816 0.046316 0.035117
0 0.440526 0.466555 0.118947 0.066890
0 0.903684 0.519231 0.114737 0.081940
0 0.056316 0.160535 0.043158 0.030100
0 0.129474 0.178094 0.035789 0.038462
4 0.016316 0.619565 0.038947 0.085284
4 0.584211 0.232441 0.098947 0.103679
5 0.782105 0.459866 0.050526 0.160535
0 0.097895 0.139632 0.029474 0.035117
0 0.295263 0.184783 0.060000 0.051839
0 0.964737 0.571906 0.095789 0.123746
0 0.080000 0.284281 0.048421 0.056856
0 0.090526 0.311873 0.058947 0.048495
0 0.030526 0.274247 0.033684 0.070234
0 0.087895 0.357860 0.066316 0.050167
2 0.031053 0.255853 0.017895 0.053512
0 0.027368 0.339465 0.042105 0.080268
0 0.560000 0.821906 0.280000 0.182274