0 0.444737 0.468333 0.118947 0.086667
0 0.070526 0.202500 0.042105 0.048333
4 0.013158 0.621667 0.047368 0.156667
4 0.587368 0.257500 0.105263 0.181667
5 0.785789 0.457500 0.047368 0.141667
5 0.264737 0.385833 0.032632 0.118333
0 0.032632 0.161667 0.040000 0.033333
0 0.099474 0.137500 0.038947 0.041667
0 0.040000 0.245833 0.056842 0.051667
0 0.037895 0.375000 0.077895 0.076667
0 0.110000 0.476667 0.083158 0.100000
1 0.066316 0.307500 0.050526 0.045000
0 0.428421 0.587500 0.136842 0.111667
0 0.590526 0.851667 0.223158 0.156667