0 0.445263 0.468333 0.113684 0.083333
0 0.065263 0.200833 0.042105 0.048333
4 0.012105 0.621667 0.047368 0.156667
4 0.588421 0.257500 0.105263 0.181667
5 0.786842 0.457500 0.047368 0.141667
5 0.264737 0.384167 0.032632 0.118333
0 0.032632 0.161667 0.040000 0.033333
0 0.099474 0.137500 0.038947 0.041667
0 0.037368 0.240000 0.051579 0.046667
0 0.032632 0.361667 0.077895 0.076667
0 0.088947 0.460833 0.078947 0.095000
1 0.062632 0.295833 0.047368 0.041667
0 0.383200 0.578333 0.139031 0.100000
0 0.458947 0.865000 0.212632 0.150000
0 0.923768 0.301587 0.063492 0.060847
0 0.975564 0.546296 0.071846 0.092593