0 0.011579 0.188963 0.044211 0.033445
0 0.441579 0.466555 0.118947 0.066890
0 0.904737 0.519231 0.114737 0.081940
0 0.056316 0.160535 0.043158 0.030100
0 0.129474 0.178094 0.035789 0.038462
4 0.017368 0.617893 0.038947 0.085284
4 0.583158 0.230769 0.098947 0.103679
5 0.782105 0.459866 0.050526 0.160535
0 0.098947 0.137960 0.029474 0.035117
0 0.295263 0.184783 0.060000 0.051839
0 0.963684 0.570234 0.095789 0.123746
0 0.078947 0.280936 0.048421 0.056856
0 0.090526 0.306856 0.058947 0.048495
0 0.032632 0.270903 0.033684 0.070234
0 0.087895 0.352843 0.066316 0.050167
2 0.013158 0.255017 0.015789 0.048495
0 0.028421 0.331940 0.040000 0.075251
0 0.386316 0.825251 0.280000 0.182274
0 0.019474 0.393813 0.066316 0.071906
0 0.926517 0.826058 0.161532 0.157407