0 0.445263 0.468333 0.113684 0.083333
0 0.063158 0.199167 0.042105 0.048333
4 0.012105 0.621667 0.047368 0.156667
4 0.587368 0.257500 0.105263 0.181667
5 0.785789 0.457500 0.047368 0.141667
5 0.264737 0.385833 0.032632 0.118333
0 0.032632 0.161667 0.040000 0.033333
0 0.099474 0.137500 0.038947 0.041667
0 0.036316 0.235833 0.049474 0.045000
0 0.028421 0.355000 0.077895 0.076667
0 0.074211 0.450833 0.078947 0.095000
1 0.064211 0.287500 0.050526 0.045000
0 0.348421 0.571667 0.138947 0.100000
0 0.354737 0.866667 0.212632 0.150000
0 0.925263 0.301667 0.063158 0.060000
0 0.959474 0.553333 0.083158 0.096667