0 0.439474 0.466555 0.118947 0.066890
0 0.903684 0.519231 0.114737 0.081940
0 0.055263 0.160535 0.043158 0.030100
0 0.128421 0.176421 0.035789 0.038462
4 0.016316 0.617893 0.038947 0.085284
4 0.584211 0.232441 0.098947 0.103679
5 0.783158 0.461538 0.050526 0.160535
0 0.096842 0.137960 0.029474 0.035117
0 0.295263 0.186455 0.060000 0.051839
0 0.964737 0.570234 0.095789 0.123746
0 0.078947 0.277592 0.048421 0.056856
0 0.091053 0.299331 0.062105 0.050167
0 0.033684 0.265886 0.033684 0.070234
0 0.090000 0.344482 0.066316 0.050167
0 0.031579 0.325251 0.040000 0.075251
0 0.155789 0.840301 0.309474 0.202341
0 0.024211 0.385452 0.069474 0.075251
0 0.755789 0.811037 0.208421 0.170569