0 0.440526 0.466555 0.118947 0.066890
0 0.903684 0.519231 0.114737 0.081940
0 0.056316 0.160535 0.045263 0.030100
0 0.128421 0.176421 0.035789 0.038462
4 0.016316 0.617893 0.038947 0.085284
4 0.584211 0.232441 0.098947 0.103679
5 0.782105 0.459866 0.050526 0.160535
0 0.097895 0.139632 0.029474 0.035117
0 0.295263 0.184783 0.060000 0.051839
0 0.964737 0.570234 0.095789 0.123746
0 0.078947 0.274247 0.048421 0.056856
0 0.091579 0.298495 0.058947 0.048495
0 0.032632 0.264214 0.033684 0.070234
0 0.089474 0.343645 0.063158 0.048495
0 0.030526 0.321906 0.040000 0.075251
0 0.088421 0.840301 0.309474 0.202341
0 0.025263 0.382107 0.069474 0.075251
0 0.683158 0.807692 0.208421 0.170569