0 0.446316 0.466667 0.113684 0.083333
0 0.050526 0.190833 0.037895 0.045000
4 0.013158 0.621667 0.047368 0.156667
4 0.588421 0.257500 0.105263 0.181667
5 0.786842 0.457500 0.047368 0.141667
5 0.264737 0.385833 0.032632 0.118333
0 0.032632 0.161667 0.040000 0.033333
0 0.100526 0.139167 0.038947 0.041667
0 0.033684 0.224167 0.044211 0.041667
0 0.021053 0.330833 0.067368 0.065000
0 0.046842 0.406667 0.068421 0.070000
1 0.065789 0.266667 0.045263 0.040000
0 0.246842 0.543333 0.127368 0.100000
0 0.935789 0.309167 0.069474 0.065000
0 0.906316 0.566667 0.151579 0.100000
0 0.031579 0.895833 0.221053 0.161667