0 0.440526 0.466555 0.118947 0.066890
0 0.903684 0.519231 0.114737 0.081940
0 0.056316 0.160535 0.043158 0.030100
0 0.129474 0.176421 0.035789 0.038462
4 0.016316 0.619565 0.038947 0.085284
4 0.584211 0.232441 0.098947 0.103679
5 0.784211 0.459866 0.050526 0.160535
0 0.098947 0.139632 0.029474 0.035117
0 0.296316 0.185619 0.057895 0.050167
0 0.964737 0.570234 0.095789 0.123746
0 0.078947 0.270903 0.048421 0.056856
0 0.090526 0.298495 0.058947 0.048495
0 0.034737 0.257525 0.033684 0.070234
0 0.089474 0.340301 0.063158 0.048495
0 0.032632 0.316890 0.037895 0.071906
0 0.025263 0.377090 0.069474 0.075251
0 0.532632 0.795151 0.197895 0.162207
0 -0.015263 0.841137 0.180000 0.143813