0 0.440526 0.466555 0.118947 0.066890
0 0.904737 0.519231 0.114737 0.081940
0 0.056316 0.160535 0.045263 0.030100
0 0.129474 0.178094 0.035789 0.038462
4 0.016316 0.619565 0.038947 0.085284
4 0.583158 0.232441 0.098947 0.103679
5 0.783158 0.459866 0.050526 0.160535
0 0.097895 0.137960 0.029474 0.035117
0 0.296316 0.185619 0.057895 0.050167
0 0.964737 0.571906 0.095789 0.123746
0 0.080000 0.264214 0.048421 0.056856
0 0.090526 0.295151 0.058947 0.048495
0 0.036316 0.250836 0.030526 0.063545
0 0.089474 0.336957 0.063158 0.048495
0 0.031579 0.311873 0.037895 0.071906
0 0.025789 0.370401 0.072632 0.078595
0 0.386316 0.791806 0.197895 0.162207