0 0.445263 0.468333 0.113684 0.083333
0 0.023158 0.186667 0.031579 0.036667
4 0.012105 0.621667 0.047368 0.156667
4 0.588421 0.257500 0.105263 0.181667
5 0.785789 0.457500 0.047368 0.141667
5 0.264737 0.384167 0.032632 0.118333
0 0.032632 0.160000 0.040000 0.033333
0 0.099474 0.137500 0.038947 0.041667
0 0.029474 0.209167 0.042105 0.038333
0 0.016842 0.301667 0.061053 0.060000
0 0.020526 0.360000 0.062105 0.063333
1 0.068947 0.242500 0.043158 0.038333
0 0.145789 0.490000 0.104211 0.080000
0 0.972632 0.326667 0.080000 0.076667
0 0.734737 0.596667 0.155789 0.086667