0 0.445263 0.466667 0.113684 0.083333
0 0.007368 0.183333 0.031579 0.036667
4 0.012105 0.621667 0.047368 0.156667
4 0.587368 0.255833 0.105263 0.181667
5 0.786842 0.457500 0.047368 0.141667
5 0.264737 0.384167 0.032632 0.118333
0 0.033684 0.161667 0.040000 0.033333
0 0.099474 0.137500 0.038947 0.041667
0 0.025263 0.201667 0.040000 0.036667
0 0.018421 0.290000 0.057895 0.056667
0 0.015263 0.340833 0.053684 0.055000
1 0.068947 0.230833 0.043158 0.038333
0 0.099474 0.463333 0.100000 0.076667
0 0.993684 0.337500 0.061053 0.071667
0 0.637895 0.600000 0.155789 0.086667
0 0.899474 0.827500 0.180000 0.138333