0 0.445263 0.468333 0.113684 0.083333
4 0.010000 0.620000 0.047368 0.156667
4 0.586316 0.257500 0.105263 0.181667
5 0.784737 0.454167 0.047368 0.141667
5 0.263684 0.384167 0.032632 0.118333
0 0.031579 0.161667 0.040000 0.033333
0 0.099474 0.135833 0.038947 0.041667
0 0.022105 0.197500 0.037895 0.035000
0 0.020000 0.276667 0.054737 0.053333
0 0.013158 0.322500 0.053684 0.055000
1 0.063684 0.220833 0.036842 0.031667
0 0.065263 0.436667 0.088421 0.076667
0 0.522105 0.596667 0.155789 0.086667
0 0.693158 0.819167 0.180000 0.138333
0 0.942799 0.561667 0.119282 0.100000