0 0.446316 0.465000 0.113684 0.083333
4 0.011053 0.620000 0.047368 0.156667
4 0.585263 0.255833 0.105263 0.181667
5 0.785789 0.455833 0.047368 0.141667
5 0.263684 0.385833 0.032632 0.118333
0 0.031579 0.161667 0.040000 0.033333
0 0.099474 0.135833 0.038947 0.041667
0 0.015789 0.196667 0.035789 0.033333
0 0.021053 0.273333 0.054737 0.053333
0 0.012632 0.315833 0.050526 0.051667
1 0.061579 0.217500 0.036842 0.031667
0 0.054737 0.425833 0.084211 0.071667
0 0.484211 0.590000 0.155789 0.086667
0 0.617368 0.824167 0.188421 0.145000
0 0.922105 0.565000 0.138947 0.110000