0 0.440526 0.464883 0.118947 0.066890
0 0.902632 0.519231 0.114737 0.081940
0 0.056316 0.158027 0.041053 0.028428
0 0.129474 0.176421 0.035789 0.038462
4 0.016316 0.617057 0.036842 0.080268
4 0.584211 0.229097 0.098947 0.103679
5 0.781579 0.459030 0.049474 0.158863
0 0.097895 0.137960 0.029474 0.035117
0 0.295263 0.185619 0.057895 0.050167
0 0.964737 0.570234 0.095789 0.123746
0 0.079474 0.236622 0.043158 0.051839
0 0.087368 0.279264 0.050526 0.040134
0 0.041053 0.224080 0.029474 0.060201
0 0.090000 0.321070 0.066316 0.050167
0 0.033684 0.291806 0.037895 0.071906
0 0.032105 0.339465 0.049474 0.056856
0 0.018526 0.393519 0.065778 0.080688