0 0.445263 0.466667 0.113684 0.083333
4 0.011053 0.620000 0.047368 0.156667
4 0.585263 0.257500 0.105263 0.181667
5 0.785789 0.455833 0.047368 0.141667
5 0.263684 0.384167 0.032632 0.118333
0 0.031579 0.161667 0.040000 0.033333
0 0.100526 0.135833 0.038947 0.041667
0 0.022632 0.261667 0.057895 0.056667
0 0.010526 0.297500 0.048421 0.048333
1 0.057895 0.211667 0.033684 0.030000
0 0.032632 0.392500 0.084211 0.071667
0 0.375263 0.568333 0.163158 0.090000
0 0.403684 0.820833 0.180000 0.138333
0 0.817895 0.580000 0.168421 0.133333