0 0.446316 0.466667 0.113684 0.083333
4 0.011053 0.620000 0.047368 0.156667
4 0.586316 0.255833 0.105263 0.181667
5 0.785789 0.455833 0.047368 0.141667
5 0.263684 0.384167 0.032632 0.118333
0 0.030526 0.163333 0.040000 0.033333
0 0.100526 0.135833 0.038947 0.041667
0 0.023684 0.258333 0.057895 0.056667
0 0.010526 0.295833 0.048421 0.048333
1 0.057895 0.210833 0.031579 0.028333
0 0.030526 0.389167 0.080000 0.068333
0 0.362105 0.565000 0.155789 0.086667
0 0.366842 0.822500 0.180000 0.138333
0 0.802632 0.581667 0.161053 0.126667