0 0.445263 0.468333 0.113684 0.083333
4 0.012105 0.620000 0.047368 0.156667
4 0.586316 0.255833 0.105263 0.181667
5 0.785789 0.454167 0.047368 0.141667
5 0.263684 0.384167 0.032632 0.118333
0 0.031579 0.163333 0.040000 0.033333
0 0.099474 0.135833 0.038947 0.041667
0 0.024737 0.251667 0.057895 0.056667
0 0.008947 0.285833 0.043158 0.045000
1 0.054737 0.205833 0.031579 0.028333
0 0.021579 0.365000 0.066316 0.056667
0 0.300000 0.545000 0.155789 0.086667
0 0.166842 0.829167 0.188421 0.145000
0 0.697368 0.588333 0.161053 0.126667
1 0.962632 0.556667 0.049474 0.060000