0 0.445263 0.466667 0.113684 0.083333
4 0.011053 0.620000 0.047368 0.156667
4 0.585263 0.257500 0.105263 0.181667
5 0.785789 0.454167 0.047368 0.141667
5 0.263684 0.384167 0.032632 0.118333
0 0.031579 0.163333 0.040000 0.033333
0 0.099474 0.135833 0.038947 0.041667
0 0.024737 0.250000 0.057895 0.056667
0 0.008947 0.282500 0.043158 0.045000
1 0.054737 0.205833 0.031579 0.028333
0 0.020526 0.358333 0.066316 0.056667
0 0.284211 0.541667 0.155789 0.086667
0 0.143158 0.835833 0.197895 0.151667
0 0.690000 0.591667 0.161053 0.126667
1 0.954211 0.561667 0.049474 0.060000