0 0.446316 0.468333 0.113684 0.083333
4 0.010000 0.620000 0.047368 0.156667
4 0.586316 0.255833 0.105263 0.181667
5 0.785789 0.454167 0.047368 0.141667
5 0.263684 0.384167 0.032632 0.118333
0 0.031579 0.161667 0.040000 0.033333
0 0.099474 0.134167 0.038947 0.041667
0 0.029474 0.235000 0.054737 0.053333
0 0.009474 0.260833 0.037895 0.038333
1 0.048421 0.199167 0.031579 0.028333
0 0.011053 0.319167 0.060000 0.051667
0 0.164211 0.495833 0.147368 0.081667
0 0.472105 0.585000 0.152632 0.120000
1 0.835263 0.601667 0.055789 0.053333