0 0.445263 0.466667 0.113684 0.083333
4 0.010000 0.620000 0.047368 0.156667
4 0.586316 0.255833 0.105263 0.181667
5 0.785789 0.454167 0.047368 0.141667
5 0.263684 0.384167 0.032632 0.118333
0 0.031053 0.162500 0.041053 0.035000
0 0.098421 0.135833 0.038947 0.041667
0 0.031053 0.220833 0.049474 0.048333
0 0.010526 0.243333 0.040000 0.040000
1 0.036316 0.193333 0.030526 0.026667
0 0.007895 0.288333 0.051579 0.043333
0 0.089474 0.444167 0.107368 0.081667
0 0.279474 0.535000 0.152632 0.120000
1 0.640526 0.655000 0.078947 0.093333