0 0.445263 0.466667 0.113684 0.083333
4 0.010000 0.620000 0.047368 0.156667
4 0.585263 0.255833 0.105263 0.181667
5 0.784737 0.455833 0.047368 0.141667
5 0.264737 0.382500 0.032632 0.118333
0 0.031579 0.163333 0.040000 0.033333
0 0.099474 0.135833 0.038947 0.041667
0 0.031053 0.217500 0.047368 0.045000
0 0.010526 0.240833 0.037895 0.038333
1 0.033158 0.194167 0.028421 0.025000
0 0.008947 0.283333 0.051579 0.043333
0 0.077895 0.432500 0.107368 0.081667
0 0.241579 0.530000 0.152632 0.120000
1 0.596316 0.667500 0.083158 0.098333