0 0.445263 0.466667 0.113684 0.083333
4 0.010000 0.618333 0.047368 0.156667
4 0.586316 0.257500 0.105263 0.181667
5 0.785789 0.455833 0.047368 0.141667
5 0.263684 0.384167 0.032632 0.118333
0 0.031579 0.163333 0.040000 0.033333
0 0.099474 0.135833 0.038947 0.041667
0 0.031053 0.214167 0.047368 0.045000
0 0.010526 0.235833 0.037895 0.038333
1 0.030000 0.192500 0.028421 0.025000
0 0.007895 0.278333 0.051579 0.043333
0 0.066842 0.420000 0.102105 0.076667
0 0.211053 0.518333 0.161053 0.126667
1 0.548947 0.681667 0.087368 0.103333