0 0.441579 0.468227 0.118947 0.066890
0 0.900526 0.519231 0.114737 0.081940
0 0.056316 0.158027 0.041053 0.028428
0 0.129474 0.176421 0.035789 0.038462
4 0.016316 0.617893 0.038947 0.085284
4 0.582105 0.227425 0.098947 0.103679
5 0.782105 0.459866 0.052632 0.167224
0 0.097895 0.137960 0.029474 0.035117
0 0.295263 0.185619 0.057895 0.050167
0 0.963684 0.570234 0.095789 0.123746
0 0.070000 0.198997 0.036842 0.043478
0 0.081053 0.234950 0.048421 0.038462
0 0.016842 0.188963 0.021053 0.043478
0 0.088421 0.280936 0.056842 0.043478
0 0.043684 0.253344 0.032632 0.061873
0 0.039474 0.285117 0.045263 0.051839
0 0.033158 0.353679 0.083158 0.102007
0 0.973921 0.294452 0.052632 0.071906
0 0.845789 0.801003 0.188421 0.113712
0 0.721272 0.207672 0.047460 0.047619