0 0.445263 0.466667 0.113684 0.083333
4 0.011053 0.620000 0.047368 0.156667
4 0.586316 0.255833 0.105263 0.181667
5 0.785789 0.455833 0.047368 0.141667
5 0.263684 0.384167 0.032632 0.118333
0 0.030000 0.162500 0.041053 0.035000
0 0.098421 0.135833 0.038947 0.041667
0 0.031053 0.212500 0.047368 0.045000
0 0.011579 0.235000 0.035789 0.036667
1 0.028421 0.191667 0.027368 0.023333
0 0.006842 0.275000 0.051579 0.043333
0 0.059474 0.418333 0.089474 0.073333
0 0.214211 0.515000 0.129474 0.126667
1 0.522632 0.688333 0.087368 0.103333