0 0.445263 0.466667 0.113684 0.083333
4 0.011053 0.620000 0.047368 0.156667
4 0.586316 0.257500 0.105263 0.181667
5 0.785789 0.455833 0.047368 0.141667
5 0.263684 0.384167 0.032632 0.118333
0 0.030526 0.163333 0.040000 0.033333
0 0.098421 0.135833 0.038947 0.041667
0 0.031053 0.212500 0.047368 0.045000
0 0.010526 0.233333 0.035789 0.036667
1 0.024211 0.191667 0.027368 0.023333
0 0.007895 0.273333 0.051579 0.043333
0 0.053158 0.409167 0.085263 0.068333
0 0.200526 0.510000 0.129474 0.126667
1 0.497368 0.695833 0.091579 0.108333
0 0.973475 0.556878 0.060986 0.097884