0 0.441579 0.468227 0.118947 0.066890
0 0.899474 0.519231 0.114737 0.081940
0 0.055263 0.158027 0.041053 0.028428
0 0.129474 0.174749 0.035789 0.038462
4 0.016316 0.617893 0.038947 0.085284
4 0.582105 0.227425 0.098947 0.103679
5 0.782105 0.459866 0.052632 0.167224
0 0.097895 0.137960 0.029474 0.035117
0 0.295263 0.185619 0.057895 0.050167
0 0.963684 0.571906 0.095789 0.123746
0 0.063684 0.192308 0.036842 0.043478
0 0.080000 0.225753 0.046316 0.036789
0 0.087368 0.267559 0.056842 0.043478
0 0.047368 0.248328 0.031579 0.058528
0 0.040000 0.274247 0.042105 0.050167
0 0.034211 0.347826 0.078947 0.096990
0 0.590000 0.775920 0.188421 0.113712