0 0.440526 0.468227 0.118947 0.066890
0 0.899474 0.519231 0.114737 0.081940
0 0.055789 0.158027 0.042105 0.028428
0 0.128421 0.176421 0.035789 0.038462
4 0.016316 0.617893 0.038947 0.085284
4 0.582105 0.229097 0.098947 0.103679
5 0.783158 0.459866 0.052632 0.167224
0 0.096842 0.137960 0.029474 0.035117
0 0.294211 0.185619 0.057895 0.050167
0 0.963684 0.571906 0.095789 0.123746
0 0.050526 0.185619 0.033684 0.040134
0 0.076316 0.209030 0.041053 0.033445
0 0.086842 0.248328 0.051579 0.038462
0 0.051579 0.236622 0.029474 0.055184
0 0.042632 0.262542 0.041053 0.046823
0 0.194211 0.761706 0.188421 0.112040
0 0.034737 0.314381 0.048421 0.063545
0 0.018947 0.363712 0.046316 0.085284
0 0.898421 0.264214 0.060000 0.043478