0 0.445263 0.466667 0.113684 0.083333
4 0.011053 0.618333 0.047368 0.156667
4 0.586316 0.257500 0.105263 0.181667
5 0.785789 0.454167 0.047368 0.141667
5 0.263684 0.384167 0.032632 0.118333
0 0.031579 0.161667 0.040000 0.033333
0 0.099474 0.134167 0.038947 0.041667
0 0.017368 0.190833 0.038947 0.038333
0 0.008421 0.209167 0.033684 0.035000
0 0.009474 0.223333 0.046316 0.040000
0 0.012632 0.310833 0.048421 0.048333
0 0.028947 0.368333 0.060000 0.066667
0 0.453158 0.575000 0.133684 0.100000
0 0.973684 0.313333 0.086316 0.063333