0 0.440526 0.466555 0.118947 0.066890
0 0.897895 0.519231 0.120000 0.085284
0 0.056316 0.158027 0.041053 0.028428
0 0.128421 0.176421 0.035789 0.038462
4 0.017368 0.617893 0.038947 0.085284
4 0.583158 0.229097 0.098947 0.103679
5 0.783158 0.459866 0.052632 0.167224
0 0.097895 0.137960 0.029474 0.035117
0 0.295263 0.185619 0.057895 0.050167
0 0.964737 0.573579 0.095789 0.123746
0 0.031053 0.178094 0.034737 0.041806
0 0.066842 0.198997 0.041053 0.033445
0 0.084211 0.233278 0.046316 0.035117
0 0.056842 0.224916 0.029474 0.055184
0 0.043684 0.255853 0.041053 0.046823
0 0.040000 0.295987 0.048421 0.063545
0 0.028947 0.337793 0.051579 0.093645