0 0.445263 0.468333 0.113684 0.083333
4 0.012105 0.620000 0.047368 0.156667
4 0.585263 0.257500 0.105263 0.181667
5 0.784737 0.455833 0.047368 0.141667
5 0.263684 0.384167 0.032632 0.118333
0 0.031053 0.162500 0.041053 0.035000
0 0.100526 0.135833 0.038947 0.041667
0 0.013158 0.187500 0.036842 0.035000
0 0.008421 0.207500 0.033684 0.035000
0 0.009474 0.219167 0.044211 0.038333
0 0.013684 0.303333 0.046316 0.046667
0 0.024737 0.355000 0.053684 0.060000
0 0.396683 0.566958 0.133684 0.100000
0 0.993684 0.325000 0.082105 0.060000