0 0.445263 0.468333 0.113684 0.083333
4 0.012105 0.620000 0.047368 0.156667
4 0.586316 0.257500 0.105263 0.181667
5 0.784737 0.455833 0.047368 0.141667
5 0.263684 0.384167 0.032632 0.118333
0 0.031053 0.162500 0.041053 0.035000
0 0.100526 0.135833 0.038947 0.041667
0 0.012105 0.186667 0.034737 0.033333
0 0.008421 0.207500 0.033684 0.035000
0 0.008421 0.219167 0.044211 0.038333
0 0.012632 0.300833 0.044211 0.045000
0 0.022632 0.353333 0.053684 0.060000
0 0.376842 0.560833 0.126316 0.095000
0 0.997895 0.328333 0.082105 0.060000