0 0.441579 0.466555 0.118947 0.066890
0 0.896842 0.517559 0.120000 0.085284
0 0.054211 0.159699 0.041053 0.028428
0 0.129474 0.176421 0.035789 0.038462
4 0.016316 0.614548 0.038947 0.085284
4 0.582105 0.227425 0.098947 0.103679
5 0.781053 0.459866 0.052632 0.167224
0 0.097895 0.137960 0.029474 0.035117
0 0.294737 0.185619 0.054737 0.046823
0 0.963684 0.570234 0.095789 0.123746
0 0.020526 0.176421 0.034737 0.041806
0 0.053684 0.193144 0.042105 0.035117
0 0.083158 0.225753 0.044211 0.033445
0 0.060000 0.214883 0.029474 0.055184
0 0.044737 0.255017 0.038947 0.045151
0 0.045263 0.284281 0.046316 0.060201
0 0.032105 0.323579 0.049474 0.088629
0 -0.002632 0.390468 0.083158 0.055184