0 0.441579 0.466555 0.118947 0.066890
0 0.896842 0.517559 0.120000 0.085284
0 0.054211 0.158027 0.041053 0.028428
0 0.128421 0.176421 0.035789 0.038462
4 0.016316 0.614548 0.038947 0.085284
4 0.582105 0.227425 0.098947 0.103679
5 0.782105 0.459866 0.052632 0.167224
0 0.097895 0.137960 0.029474 0.035117
0 0.295263 0.185619 0.057895 0.050167
0 0.963684 0.571906 0.095789 0.123746
0 0.043158 0.189799 0.042105 0.035117
0 0.084211 0.221572 0.042105 0.031773
0 0.061053 0.209866 0.027368 0.051839
0 0.044737 0.253344 0.038947 0.045151
0 0.045263 0.277592 0.046316 0.060201
0 0.035789 0.316054 0.046316 0.083612
0 -0.002105 0.382943 0.096842 0.063545