0 0.440526 0.466555 0.118947 0.066890
0 0.895789 0.519231 0.120000 0.085284
0 0.054211 0.158027 0.041053 0.028428
0 0.129474 0.176421 0.035789 0.038462
4 0.015263 0.616221 0.038947 0.085284
4 0.581579 0.234114 0.097895 0.103679
5 0.782105 0.458194 0.052632 0.167224
0 0.097895 0.139632 0.029474 0.035117
0 0.295789 0.185619 0.054737 0.046823
0 0.962632 0.573579 0.095789 0.123746
0 0.080000 0.202341 0.040000 0.030100
0 0.057895 0.189799 0.027368 0.051839
0 0.047368 0.242475 0.040000 0.046823
0 0.052105 0.255853 0.043158 0.056856
0 0.046316 0.286789 0.040000 0.071906
0 0.033588 0.333749 0.045723 0.060201