0 0.440526 0.464883 0.118947 0.066890
0 0.896842 0.520903 0.120000 0.085284
0 0.054211 0.158027 0.041053 0.028428
0 0.129474 0.178094 0.035789 0.038462
4 0.014737 0.615385 0.042105 0.093645
4 0.582632 0.235786 0.097895 0.103679
5 0.781053 0.458194 0.052632 0.167224
0 0.096842 0.137960 0.029474 0.035117
0 0.296316 0.187291 0.057895 0.050167
0 0.962632 0.571906 0.095789 0.123746
0 0.076842 0.196488 0.037895 0.028428
0 0.055789 0.183110 0.029474 0.055184
0 0.048947 0.239967 0.038947 0.045151
0 0.053158 0.250836 0.043158 0.056856
0 0.047368 0.281773 0.040000 0.071906
0 0.035263 0.326087 0.045263 0.060201
0 0.826316 0.826087 0.210526 0.153846
0 0.016842 0.208194 0.042105 0.081940