0 0.513435 0.314644 0.037047 0.083113
2 0.013300 0.653694 0.020677 0.085752
0 0.069732 0.640501 0.085294 0.112137
0 0.060255 0.566623 0.107695 0.114776
0 0.128318 0.521108 0.071509 0.108179
0 0.225244 0.563325 0.091325 0.155673
0 0.243336 0.453166 0.060309 0.085752
0 0.341554 0.382586 0.063755 0.081794
0 0.357924 0.432058 0.072371 0.112137
0 0.388078 0.317282 0.043078 0.067282
0 0.432448 0.326517 0.049109 0.072559
0 0.410909 0.274406 0.037047 0.052770
0 0.450972 0.273087 0.039632 0.058047
0 0.425556 0.238786 0.037047 0.055409
0 0.442356 0.194591 0.036185 0.051451
0 0.451834 0.150396 0.031016 0.044855
0 0.496204 0.075858 0.031878 0.035620
0 0.498788 0.045515 0.018093 0.025066
0 0.513004 0.029683 0.025847 0.030343
0 0.534974 0.013193 0.024985 0.026385
2 0.523774 0.118074 0.012923 0.030343
2 0.450972 0.093668 0.008616 0.039578
2 0.459157 0.098285 0.012923 0.038259
0 0.354908 0.257916 0.064617 0.064644
2 0.585375 0.097625 0.013785 0.050132
4 0.512573 0.621372 0.031878 0.134565
6 0.713747 0.791557 0.141296 0.116095
6 0.771902 0.651715 0.245544 0.203166
6 0.780518 0.536280 0.221420 0.167546
6 0.781810 0.405673 0.191266 0.162269
6 0.798611 0.317282 0.214528 0.146438
6 0.782672 0.237467 0.170589 0.087071
6 0.777072 0.182058 0.143880 0.092348
0 0.611653 0.316623 0.071509 0.047493
0 0.629315 0.262533 0.065478 0.058047
0 0.627161 0.234169 0.056001 0.046174
0 0.627591 0.213720 0.055140 0.052770
0 0.627161 0.158971 0.031878 0.051451
0 0.558236 0.048153 0.024985 0.030343
0 0.523343 0.075198 0.013785 0.029024
0 0.535405 0.058707 0.018954 0.027704
0 0.369124 0.162269 0.031016 0.055409
0 0.345862 0.188654 0.027570 0.055409
0 0.392386 0.082454 0.032739 0.035620
0 0.363093 0.102902 0.031016 0.044855
0 0.419094 0.050132 0.034462 0.034301
0 0.444941 0.035620 0.034462 0.039578
