0 0.486395 0.429036 0.042517 0.095052
2 0.011905 0.652995 0.020408 0.084635
0 0.068878 0.640625 0.085034 0.111979
0 0.059524 0.565104 0.107143 0.114583
0 0.129252 0.521484 0.071429 0.108073
0 0.198554 0.591797 0.090986 0.154948
0 0.233844 0.470703 0.059524 0.084635
0 0.338435 0.384115 0.062925 0.080729
0 0.343112 0.445312 0.072279 0.111979
0 0.388605 0.315755 0.040816 0.063802
0 0.422194 0.341797 0.048469 0.071615
0 0.410289 0.273438 0.036565 0.052083
0 0.446429 0.283854 0.039116 0.057292
0 0.426446 0.238281 0.036565 0.054688
0 0.440476 0.192057 0.035714 0.050781
0 0.449830 0.149740 0.030612 0.044271
0 0.497024 0.074219 0.029762 0.033854
0 0.498724 0.043620 0.017857 0.024740
0 0.511905 0.030599 0.025510 0.029948
0 0.531463 0.015625 0.022109 0.023438
2 0.526786 0.108724 0.014456 0.035156
2 0.448980 0.091146 0.008503 0.039062
2 0.458759 0.098958 0.012755 0.039062
0 0.396684 0.174479 0.048469 0.062500
2 0.588861 0.096354 0.016156 0.059896
2 0.597789 0.102865 0.015306 0.033854
4 0.512573 0.621372 0.031878 0.134565
6 0.713747 0.791557 0.141296 0.116095
6 0.771902 0.651715 0.245544 0.203166
6 0.780518 0.536280 0.221420 0.167546
6 0.781810 0.405673 0.191266 0.162269
6 0.798611 0.317282 0.214528 0.146438
6 0.782672 0.237467 0.170589 0.087071
6 0.777072 0.182058 0.143880 0.092348
0 0.611653 0.316623 0.071509 0.047493
0 0.629315 0.262533 0.065478 0.058047
0 0.627161 0.234169 0.056001 0.046174
0 0.627591 0.213720 0.055140 0.052770
0 0.627161 0.158971 0.031878 0.051451
0 0.558236 0.048153 0.024985 0.030343
0 0.523343 0.075198 0.013785 0.029024
0 0.535405 0.058707 0.018954 0.027704
0 0.369124 0.162269 0.031016 0.055409
0 0.345862 0.188654 0.027570 0.055409
0 0.392386 0.082454 0.032739 0.035620
0 0.363093 0.102902 0.031016 0.044855
0 0.419094 0.050132 0.034462 0.034301
0 0.444941 0.035620 0.034462 0.039578
