0 0.474490 0.475911 0.049320 0.110677
2 0.012330 0.652344 0.019558 0.080729
0 0.068878 0.639323 0.085034 0.111979
0 0.059524 0.565104 0.107143 0.114583
0 0.130102 0.520182 0.071429 0.108073
0 0.187075 0.604818 0.086735 0.147135
0 0.231293 0.475911 0.059524 0.084635
0 0.337585 0.384115 0.062925 0.080729
0 0.337160 0.450521 0.075680 0.117188
0 0.388605 0.318359 0.040816 0.063802
0 0.418793 0.345703 0.048469 0.071615
0 0.410289 0.273438 0.036565 0.052083
0 0.443027 0.290365 0.039116 0.057292
0 0.426446 0.236979 0.036565 0.054688
0 0.441327 0.192057 0.035714 0.050781
0 0.449830 0.149740 0.030612 0.044271
0 0.495323 0.075521 0.029762 0.033854
0 0.497874 0.044922 0.017857 0.024740
0 0.512755 0.029297 0.025510 0.029948
0 0.531037 0.014974 0.022959 0.024740
2 0.527211 0.106771 0.015306 0.036458
2 0.448980 0.091146 0.008503 0.039062
2 0.457483 0.098958 0.013605 0.041667
0 0.407313 0.146484 0.044218 0.055990
2 0.589286 0.096354 0.015306 0.057292
2 0.598639 0.097656 0.015306 0.033854
4 0.512573 0.621372 0.031878 0.134565
6 0.713747 0.791557 0.141296 0.116095
6 0.771902 0.651715 0.245544 0.203166
6 0.780518 0.536280 0.221420 0.167546
6 0.781810 0.405673 0.191266 0.162269
6 0.798611 0.317282 0.214528 0.146438
6 0.782672 0.237467 0.170589 0.087071
6 0.777072 0.182058 0.143880 0.092348
0 0.611653 0.316623 0.071509 0.047493
0 0.629315 0.262533 0.065478 0.058047
0 0.627161 0.234169 0.056001 0.046174
0 0.627591 0.213720 0.055140 0.052770
0 0.627161 0.158971 0.031878 0.051451
0 0.558236 0.048153 0.024985 0.030343
0 0.523343 0.075198 0.013785 0.029024
0 0.535405 0.058707 0.018954 0.027704
0 0.369124 0.162269 0.031016 0.055409
0 0.345862 0.188654 0.027570 0.055409
0 0.392386 0.082454 0.032739 0.035620
0 0.363093 0.102902 0.031016 0.044855
0 0.419094 0.050132 0.034462 0.034301
0 0.444941 0.035620 0.034462 0.039578
