0 0.445578 0.695964 0.054422 0.144531
2 0.011905 0.651693 0.020408 0.084635
0 0.068878 0.638021 0.085034 0.111979
0 0.058673 0.565104 0.107143 0.114583
0 0.130102 0.520182 0.071429 0.108073
0 0.146259 0.638672 0.086735 0.147135
0 0.222789 0.514974 0.064626 0.134115
0 0.329507 0.392578 0.060374 0.076823
0 0.326105 0.460938 0.075680 0.117188
0 0.387755 0.318359 0.040816 0.063802
0 0.411139 0.361328 0.048469 0.071615
0 0.410289 0.273438 0.036565 0.052083
0 0.437075 0.304688 0.039116 0.057292
0 0.426446 0.236979 0.036565 0.054688
0 0.442177 0.192057 0.035714 0.050781
0 0.450680 0.148438 0.030612 0.044271
0 0.495323 0.076823 0.029762 0.033854
0 0.497024 0.043620 0.017857 0.024740
0 0.512755 0.030599 0.025510 0.029948
0 0.529337 0.016927 0.024660 0.026042
2 0.527211 0.108073 0.015306 0.036458
2 0.458759 0.096354 0.012755 0.039062
0 0.440901 0.085286 0.041667 0.053385
0 0.462160 0.253255 0.031463 0.058594
2 0.588872 0.088421 0.014433 0.041426
4 0.512573 0.621372 0.031878 0.134565
6 0.713747 0.791557 0.141296 0.116095
6 0.771902 0.651715 0.245544 0.203166
6 0.780518 0.536280 0.221420 0.167546
6 0.781810 0.405673 0.191266 0.162269
6 0.798611 0.317282 0.214528 0.146438
6 0.782672 0.237467 0.170589 0.087071
6 0.777072 0.182058 0.143880 0.092348
0 0.611653 0.316623 0.071509 0.047493
0 0.629315 0.262533 0.065478 0.058047
0 0.627161 0.234169 0.056001 0.046174
0 0.627591 0.213720 0.055140 0.052770
0 0.627161 0.158971 0.031878 0.051451
0 0.558236 0.048153 0.024985 0.030343
0 0.523343 0.075198 0.013785 0.029024
0 0.535405 0.058707 0.018954 0.027704
0 0.369124 0.162269 0.031016 0.055409
0 0.345862 0.188654 0.027570 0.055409
0 0.392386 0.082454 0.032739 0.035620
0 0.363093 0.102902 0.031016 0.044855
0 0.419094 0.050132 0.034462 0.034301
0 0.444941 0.035620 0.034462 0.039578
