0 0.446854 0.701823 0.056973 0.151042
2 0.011905 0.651693 0.020408 0.084635
0 0.068878 0.640625 0.085034 0.111979
0 0.059524 0.565104 0.107143 0.114583
0 0.130102 0.521484 0.071429 0.108073
0 0.145408 0.641276 0.086735 0.147135
0 0.221939 0.517578 0.064626 0.134115
0 0.329507 0.393880 0.060374 0.076823
0 0.325255 0.460938 0.075680 0.117188
0 0.388605 0.317057 0.040816 0.063802
0 0.409864 0.360677 0.051020 0.075521
0 0.410289 0.274740 0.036565 0.052083
0 0.437075 0.305990 0.039116 0.057292
0 0.426446 0.236979 0.036565 0.054688
0 0.440476 0.193359 0.035714 0.050781
0 0.450680 0.148438 0.030612 0.044271
0 0.495323 0.075521 0.029762 0.033854
0 0.497874 0.044922 0.017857 0.024740
0 0.512755 0.030599 0.025510 0.029948
0 0.530187 0.016276 0.022959 0.024740
2 0.527211 0.108073 0.015306 0.036458
2 0.458747 0.098976 0.012755 0.039062
0 0.440051 0.085286 0.041667 0.053385
0 0.461310 0.253255 0.031463 0.058594
2 0.587585 0.087891 0.013605 0.040365
4 0.512573 0.621372 0.031878 0.134565
6 0.713747 0.791557 0.141296 0.116095
6 0.771902 0.651715 0.245544 0.203166
6 0.780518 0.536280 0.221420 0.167546
6 0.781810 0.405673 0.191266 0.162269
6 0.798611 0.317282 0.214528 0.146438
6 0.782672 0.237467 0.170589 0.087071
6 0.777072 0.182058 0.143880 0.092348
0 0.611653 0.316623 0.071509 0.047493
0 0.629315 0.262533 0.065478 0.058047
0 0.627161 0.234169 0.056001 0.046174
0 0.627591 0.213720 0.055140 0.052770
0 0.627161 0.158971 0.031878 0.051451
0 0.558236 0.048153 0.024985 0.030343
0 0.523343 0.075198 0.013785 0.029024
0 0.535405 0.058707 0.018954 0.027704
0 0.369124 0.162269 0.031016 0.055409
0 0.345862 0.188654 0.027570 0.055409
0 0.392386 0.082454 0.032739 0.035620
0 0.363093 0.102902 0.031016 0.044855
0 0.419094 0.050132 0.034462 0.034301
0 0.444941 0.035620 0.034462 0.039578
