2 0.011905 0.654297 0.020408 0.084635
0 0.068027 0.638021 0.085034 0.111979
0 0.059524 0.565104 0.107143 0.114583
0 0.130102 0.518880 0.071429 0.108073
0 0.104592 0.673828 0.095238 0.162760
0 0.211735 0.546224 0.074830 0.154948
0 0.315476 0.402344 0.062925 0.080729
0 0.314201 0.477865 0.079082 0.122396
0 0.388605 0.318359 0.042517 0.066406
0 0.403912 0.375000 0.051020 0.075521
0 0.410289 0.273438 0.036565 0.052083
0 0.436224 0.312500 0.039116 0.057292
0 0.426446 0.238281 0.036565 0.054688
0 0.441327 0.192057 0.035714 0.050781
0 0.450680 0.149740 0.030612 0.044271
0 0.495323 0.074219 0.029762 0.033854
0 0.497874 0.044922 0.017857 0.024740
0 0.513605 0.031901 0.025510 0.029948
0 0.530187 0.016276 0.022959 0.024740
2 0.528912 0.102214 0.015306 0.037760
2 0.458759 0.098958 0.012755 0.039062
0 0.479167 0.033854 0.029762 0.026042
0 0.458759 0.264323 0.034864 0.065104
2 0.587160 0.085286 0.014456 0.042969
4 0.512573 0.621372 0.031878 0.134565
6 0.713747 0.791557 0.141296 0.116095
6 0.771902 0.651715 0.245544 0.203166
6 0.780518 0.536280 0.221420 0.167546
6 0.781810 0.405673 0.191266 0.162269
6 0.798611 0.317282 0.214528 0.146438
6 0.782672 0.237467 0.170589 0.087071
6 0.777072 0.182058 0.143880 0.092348
0 0.611653 0.316623 0.071509 0.047493
0 0.629315 0.262533 0.065478 0.058047
0 0.627161 0.234169 0.056001 0.046174
0 0.627591 0.213720 0.055140 0.052770
0 0.627161 0.158971 0.031878 0.051451
0 0.558236 0.048153 0.024985 0.030343
0 0.523343 0.075198 0.013785 0.029024
0 0.535405 0.058707 0.018954 0.027704
0 0.369124 0.162269 0.031016 0.055409
0 0.345862 0.188654 0.027570 0.055409
0 0.392386 0.082454 0.032739 0.035620
0 0.363093 0.102902 0.031016 0.044855
0 0.419094 0.050132 0.034462 0.034301
0 0.444941 0.035620 0.034462 0.039578
