0 0.074471 0.692612 0.105110 0.171504
0 0.063701 0.577177 0.111141 0.127968
0 0.059394 0.647757 0.095633 0.110818
0 0.187766 0.601583 0.080125 0.142480
0 0.304076 0.480871 0.074956 0.101583
0 0.295891 0.422823 0.072371 0.091029
0 0.387217 0.395119 0.055140 0.075198
0 0.381616 0.329815 0.054278 0.065963
0 0.432018 0.331135 0.043078 0.063325
0 0.456572 0.279683 0.037047 0.063325
0 0.411771 0.277045 0.030155 0.052770
0 0.428141 0.247361 0.024985 0.069921
0 0.441064 0.199868 0.031878 0.043536
0 0.449680 0.153694 0.030155 0.054090
0 0.494481 0.079156 0.026708 0.034301
0 0.495773 0.049472 0.020677 0.022427
0 0.511281 0.025726 0.024124 0.027704
0 0.529374 0.014512 0.029293 0.031662
2 0.578913 0.073219 0.009477 0.040897
2 0.587098 0.082454 0.008616 0.032982
2 0.467772 0.095646 0.018093 0.040897
4 0.512573 0.621372 0.031878 0.134565
6 0.713747 0.791557 0.141296 0.116095
6 0.771902 0.651715 0.245544 0.203166
6 0.780518 0.536280 0.221420 0.167546
6 0.781810 0.405673 0.191266 0.162269
6 0.798611 0.317282 0.214528 0.146438
6 0.782672 0.237467 0.170589 0.087071
6 0.777072 0.182058 0.143880 0.092348
0 0.611653 0.316623 0.071509 0.047493
0 0.629315 0.262533 0.065478 0.058047
0 0.627161 0.234169 0.056001 0.046174
0 0.627591 0.213720 0.055140 0.052770
0 0.627161 0.158971 0.031878 0.051451
0 0.558236 0.048153 0.024985 0.030343
0 0.523343 0.075198 0.013785 0.029024
0 0.535405 0.058707 0.018954 0.027704
0 0.369124 0.162269 0.031016 0.055409
0 0.345862 0.188654 0.027570 0.055409
0 0.392386 0.082454 0.032739 0.035620
0 0.363093 0.102902 0.031016 0.044855
0 0.419094 0.050132 0.034462 0.034301
0 0.444941 0.035620 0.034462 0.039578
