0 0.071854 0.692057 0.104592 0.170573
0 0.062075 0.575521 0.110544 0.127604
0 0.058673 0.647786 0.095238 0.110677
0 0.184524 0.600911 0.079932 0.141927
0 0.301871 0.483073 0.074830 0.101562
0 0.292942 0.425130 0.072279 0.089844
0 0.385204 0.395182 0.054422 0.074219
0 0.377976 0.329427 0.053571 0.065104
0 0.431973 0.330729 0.042517 0.062500
0 0.454507 0.278646 0.036565 0.062500
0 0.411990 0.276042 0.029762 0.052083
0 0.428146 0.245443 0.024660 0.069010
0 0.440051 0.198568 0.031463 0.042969
0 0.449405 0.152995 0.029762 0.053385
0 0.493622 0.080729 0.026361 0.033854
0 0.495748 0.048828 0.020408 0.022135
0 0.511054 0.025391 0.023810 0.027344
0 0.528912 0.013021 0.028912 0.031250
2 0.578656 0.072266 0.009354 0.040365
2 0.585884 0.082682 0.008503 0.032552
2 0.467262 0.094401 0.017857 0.040365
4 0.512573 0.621372 0.031878 0.134565
6 0.713747 0.791557 0.141296 0.116095
6 0.771902 0.651715 0.245544 0.203166
6 0.780518 0.536280 0.221420 0.167546
6 0.781810 0.405673 0.191266 0.162269
6 0.798611 0.317282 0.214528 0.146438
6 0.782672 0.237467 0.170589 0.087071
6 0.777072 0.182058 0.143880 0.092348
0 0.611653 0.316623 0.071509 0.047493
0 0.629315 0.262533 0.065478 0.058047
0 0.627161 0.234169 0.056001 0.046174
0 0.627591 0.213720 0.055140 0.052770
0 0.627161 0.158971 0.031878 0.051451
0 0.558236 0.048153 0.024985 0.030343
0 0.523343 0.075198 0.013785 0.029024
0 0.535405 0.058707 0.018954 0.027704
0 0.369124 0.162269 0.031016 0.055409
0 0.345862 0.188654 0.027570 0.055409
0 0.392386 0.082454 0.032739 0.035620
0 0.363093 0.102902 0.031016 0.044855
0 0.419094 0.050132 0.034462 0.034301
0 0.444941 0.035620 0.034462 0.039578
