0 0.074405 0.692057 0.104592 0.170573
0 0.062925 0.574870 0.105442 0.121094
0 0.057823 0.647786 0.095238 0.110677
0 0.176871 0.608724 0.079932 0.141927
0 0.283588 0.501302 0.082483 0.117188
0 0.191752 0.487630 0.079082 0.100260
0 0.371599 0.412760 0.057823 0.078125
0 0.290391 0.417318 0.056973 0.069010
0 0.418793 0.356120 0.045068 0.066406
0 0.451956 0.290365 0.036565 0.062500
0 0.400085 0.295573 0.029762 0.052083
0 0.425595 0.248047 0.024660 0.069010
0 0.440051 0.198568 0.031463 0.042969
0 0.449405 0.152995 0.029762 0.053385
0 0.480442 0.154948 0.030612 0.039062
0 0.492347 0.063151 0.023810 0.024740
0 0.509779 0.025391 0.026361 0.029948
0 0.527211 0.014323 0.028912 0.031250
2 0.466837 0.096354 0.018707 0.041667
0 0.419218 0.125651 0.042517 0.042969
0 0.364796 0.239583 0.052721 0.057292
2 0.569303 0.067708 0.014456 0.039062
2 0.582058 0.066406 0.009354 0.031250
0 0.034439 0.546875 0.075680 0.104167
4 0.512573 0.621372 0.031878 0.134565
6 0.713747 0.791557 0.141296 0.116095
6 0.771902 0.651715 0.245544 0.203166
6 0.780518 0.536280 0.221420 0.167546
6 0.781810 0.405673 0.191266 0.162269
6 0.798611 0.317282 0.214528 0.146438
6 0.782672 0.237467 0.170589 0.087071
6 0.777072 0.182058 0.143880 0.092348
0 0.611653 0.316623 0.071509 0.047493
0 0.629315 0.262533 0.065478 0.058047
0 0.627161 0.234169 0.056001 0.046174
0 0.627591 0.213720 0.055140 0.052770
0 0.627161 0.158971 0.031878 0.051451
0 0.558236 0.048153 0.024985 0.030343
0 0.523343 0.075198 0.013785 0.029024
0 0.535405 0.058707 0.018954 0.027704
0 0.369124 0.162269 0.031016 0.055409
0 0.345862 0.188654 0.027570 0.055409
0 0.392386 0.082454 0.032739 0.035620
0 0.363093 0.102902 0.031016 0.044855
0 0.419094 0.050132 0.034462 0.034301
0 0.444941 0.035620 0.034462 0.039578
