0 0.073554 0.692057 0.104592 0.170573
0 0.062075 0.576172 0.105442 0.121094
0 0.057823 0.647786 0.095238 0.110677
0 0.176871 0.608724 0.079932 0.141927
0 0.283588 0.500000 0.082483 0.117188
0 0.184949 0.490234 0.079082 0.100260
0 0.369048 0.414062 0.057823 0.078125
0 0.284014 0.422526 0.059524 0.071615
0 0.417092 0.356120 0.045068 0.066406
0 0.449405 0.294271 0.036565 0.062500
0 0.392432 0.307292 0.029762 0.052083
0 0.425595 0.249349 0.022959 0.066406
0 0.440051 0.198568 0.031463 0.042969
0 0.450255 0.152995 0.029762 0.053385
0 0.477891 0.170573 0.032313 0.041667
0 0.491922 0.066406 0.024660 0.026042
0 0.507228 0.027995 0.026361 0.029948
0 0.528061 0.014323 0.028912 0.031250
2 0.467262 0.096354 0.019558 0.044271
0 0.427296 0.108073 0.039966 0.041667
0 0.386054 0.205078 0.044218 0.048177
2 0.571003 0.066406 0.014456 0.039062
2 0.584609 0.063802 0.009354 0.031250
0 0.035289 0.546875 0.075680 0.104167
0 0.680697 0.042318 0.021259 0.019531
4 0.512573 0.621372 0.031878 0.134565
6 0.713747 0.791557 0.141296 0.116095
6 0.771902 0.651715 0.245544 0.203166
6 0.780518 0.536280 0.221420 0.167546
6 0.781810 0.405673 0.191266 0.162269
6 0.798611 0.317282 0.214528 0.146438
6 0.782672 0.237467 0.170589 0.087071
6 0.777072 0.182058 0.143880 0.092348
0 0.611653 0.316623 0.071509 0.047493
0 0.629315 0.262533 0.065478 0.058047
0 0.627161 0.234169 0.056001 0.046174
0 0.627591 0.213720 0.055140 0.052770
0 0.627161 0.158971 0.031878 0.051451
0 0.558236 0.048153 0.024985 0.030343
0 0.523343 0.075198 0.013785 0.029024
0 0.535405 0.058707 0.018954 0.027704
0 0.369124 0.162269 0.031016 0.055409
0 0.345862 0.188654 0.027570 0.055409
0 0.392386 0.082454 0.032739 0.035620
0 0.363093 0.102902 0.031016 0.044855
0 0.419094 0.050132 0.034462 0.034301
0 0.444941 0.035620 0.034462 0.039578
