0 0.065901 0.689453 0.109694 0.178385
0 0.061224 0.574870 0.105442 0.121094
0 0.053571 0.647786 0.095238 0.110677
0 0.177721 0.610026 0.079932 0.141927
0 0.278486 0.505208 0.082483 0.117188
0 0.156037 0.500000 0.082483 0.104167
0 0.360969 0.421224 0.060374 0.082031
0 0.249575 0.442057 0.062075 0.074219
0 0.417092 0.356120 0.045068 0.066406
0 0.445153 0.302083 0.038265 0.065104
0 0.355867 0.352865 0.029762 0.052083
0 0.417942 0.263672 0.022959 0.066406
0 0.440901 0.198568 0.031463 0.042969
0 0.450255 0.152995 0.029762 0.053385
0 0.468963 0.225911 0.033163 0.042969
0 0.486820 0.096354 0.026361 0.028646
0 0.497874 0.040365 0.029762 0.033854
0 0.522534 0.014974 0.029762 0.032552
2 0.465986 0.097005 0.022109 0.050781
0 0.460884 0.048177 0.037415 0.039062
0 0.427721 0.121745 0.044218 0.048177
2 0.582908 0.061849 0.012755 0.035156
2 0.593537 0.057292 0.010204 0.033854
0 0.031037 0.545573 0.075680 0.104167
4 0.512573 0.621372 0.031878 0.134565
6 0.713747 0.791557 0.141296 0.116095
6 0.771902 0.651715 0.245544 0.203166
6 0.780518 0.536280 0.221420 0.167546
6 0.781810 0.405673 0.191266 0.162269
6 0.798611 0.317282 0.214528 0.146438
6 0.782672 0.237467 0.170589 0.087071
6 0.777072 0.182058 0.143880 0.092348
0 0.611653 0.316623 0.071509 0.047493
0 0.629315 0.262533 0.065478 0.058047
0 0.627161 0.234169 0.056001 0.046174
0 0.627591 0.213720 0.055140 0.052770
0 0.627161 0.158971 0.031878 0.051451
0 0.558236 0.048153 0.024985 0.030343
0 0.523343 0.075198 0.013785 0.029024
0 0.535405 0.058707 0.018954 0.027704
0 0.369124 0.162269 0.031016 0.055409
0 0.345862 0.188654 0.027570 0.055409
0 0.392386 0.082454 0.032739 0.035620
0 0.363093 0.102902 0.031016 0.044855
0 0.419094 0.050132 0.034462 0.034301
0 0.444941 0.035620 0.034462 0.039578
