0 0.065051 0.690755 0.109694 0.178385
0 0.061224 0.576172 0.105442 0.121094
0 0.051871 0.649089 0.095238 0.110677
0 0.178571 0.611328 0.079932 0.141927
0 0.278486 0.503906 0.082483 0.117188
0 0.156888 0.501302 0.082483 0.104167
0 0.360969 0.421224 0.060374 0.082031
0 0.248724 0.440755 0.062075 0.074219
0 0.417092 0.357422 0.045068 0.066406
0 0.445153 0.302083 0.038265 0.065104
0 0.353316 0.354167 0.029762 0.052083
0 0.417517 0.266276 0.023810 0.069010
0 0.440051 0.198568 0.031463 0.042969
0 0.450255 0.152995 0.029762 0.053385
0 0.469813 0.233724 0.034864 0.045573
0 0.487670 0.101562 0.026361 0.028646
0 0.497024 0.041667 0.029762 0.033854
0 0.522534 0.016276 0.029762 0.032552
2 0.466412 0.095703 0.021259 0.048177
0 0.464286 0.044922 0.035714 0.037760
0 0.430272 0.116536 0.044218 0.048177
2 0.584609 0.060547 0.012755 0.035156
2 0.595238 0.056641 0.010204 0.035156
0 0.031037 0.545573 0.075680 0.104167
4 0.512573 0.621372 0.031878 0.134565
6 0.713747 0.791557 0.141296 0.116095
6 0.771902 0.651715 0.245544 0.203166
6 0.780518 0.536280 0.221420 0.167546
6 0.781810 0.405673 0.191266 0.162269
6 0.798611 0.317282 0.214528 0.146438
6 0.782672 0.237467 0.170589 0.087071
6 0.777072 0.182058 0.143880 0.092348
0 0.611653 0.316623 0.071509 0.047493
0 0.629315 0.262533 0.065478 0.058047
0 0.627161 0.234169 0.056001 0.046174
0 0.627591 0.213720 0.055140 0.052770
0 0.627161 0.158971 0.031878 0.051451
0 0.558236 0.048153 0.024985 0.030343
0 0.523343 0.075198 0.013785 0.029024
0 0.535405 0.058707 0.018954 0.027704
0 0.369124 0.162269 0.031016 0.055409
0 0.345862 0.188654 0.027570 0.055409
0 0.392386 0.082454 0.032739 0.035620
0 0.363093 0.102902 0.031016 0.044855
0 0.419094 0.050132 0.034462 0.034301
0 0.444941 0.035620 0.034462 0.039578
