0 0.062500 0.693359 0.109694 0.178385
0 0.060374 0.574870 0.105442 0.121094
0 0.051446 0.649089 0.099490 0.115885
0 0.163265 0.625651 0.095238 0.167969
0 0.272534 0.517578 0.084184 0.134115
0 0.145833 0.502604 0.082483 0.104167
0 0.356293 0.419271 0.062925 0.085938
0 0.248724 0.440755 0.062075 0.074219
0 0.413690 0.360026 0.048469 0.071615
0 0.444303 0.308594 0.038265 0.065104
0 0.321003 0.388021 0.058673 0.078125
0 0.391156 0.318359 0.037415 0.058594
0 0.433248 0.224609 0.031463 0.042969
0 0.444728 0.167318 0.030612 0.055990
0 0.456633 0.268229 0.039116 0.049479
0 0.472789 0.194661 0.035714 0.066406
0 0.486820 0.080729 0.029762 0.033854
0 0.503401 0.037760 0.034014 0.036458
2 0.466412 0.094401 0.021259 0.048177
0 0.439626 0.091146 0.035714 0.039062
0 0.029337 0.545573 0.075680 0.104167
0 0.583759 0.057943 0.033163 0.024740
4 0.512573 0.621372 0.031878 0.134565
6 0.713747 0.791557 0.141296 0.116095
6 0.771902 0.651715 0.245544 0.203166
6 0.780518 0.536280 0.221420 0.167546
6 0.781810 0.405673 0.191266 0.162269
6 0.798611 0.317282 0.214528 0.146438
6 0.782672 0.237467 0.170589 0.087071
6 0.777072 0.182058 0.143880 0.092348
0 0.611653 0.316623 0.071509 0.047493
0 0.629315 0.262533 0.065478 0.058047
0 0.627161 0.234169 0.056001 0.046174
0 0.627591 0.213720 0.055140 0.052770
0 0.627161 0.158971 0.031878 0.051451
0 0.558236 0.048153 0.024985 0.030343
0 0.523343 0.075198 0.013785 0.029024
0 0.535405 0.058707 0.018954 0.027704
0 0.369124 0.162269 0.031016 0.055409
0 0.345862 0.188654 0.027570 0.055409
0 0.392386 0.082454 0.032739 0.035620
0 0.363093 0.102902 0.031016 0.044855
0 0.419094 0.050132 0.034462 0.034301
0 0.444941 0.035620 0.034462 0.039578
