0 0.019558 0.705729 0.061224 0.145833
0 0.059524 0.576172 0.105442 0.121094
0 0.048044 0.649089 0.099490 0.115885
0 0.163265 0.624349 0.095238 0.167969
0 0.271684 0.518880 0.084184 0.134115
0 0.148384 0.502604 0.082483 0.104167
0 0.353741 0.424479 0.062925 0.085938
0 0.247874 0.438151 0.062075 0.074219
0 0.413690 0.361328 0.048469 0.071615
0 0.444303 0.308594 0.038265 0.065104
0 0.321429 0.387370 0.061224 0.082031
0 0.374150 0.341797 0.039116 0.061198
0 0.423895 0.261068 0.031463 0.042969
0 0.436224 0.195964 0.030612 0.055990
0 0.455782 0.270833 0.039116 0.049479
0 0.467687 0.218099 0.035714 0.066406
0 0.477891 0.149740 0.034014 0.039062
0 0.491497 0.089844 0.044218 0.046875
2 0.468112 0.095703 0.026361 0.061198
0 0.463435 0.046224 0.030612 0.032552
0 0.030187 0.544271 0.075680 0.104167
0 0.591837 0.101562 0.022109 0.036458
0 0.502976 0.044271 0.029762 0.036458
4 0.512573 0.621372 0.031878 0.134565
6 0.713747 0.791557 0.141296 0.116095
6 0.771902 0.651715 0.245544 0.203166
6 0.780518 0.536280 0.221420 0.167546
6 0.781810 0.405673 0.191266 0.162269
6 0.798611 0.317282 0.214528 0.146438
6 0.782672 0.237467 0.170589 0.087071
6 0.777072 0.182058 0.143880 0.092348
0 0.611653 0.316623 0.071509 0.047493
0 0.629315 0.262533 0.065478 0.058047
0 0.627161 0.234169 0.056001 0.046174
0 0.627591 0.213720 0.055140 0.052770
0 0.627161 0.158971 0.031878 0.051451
0 0.558236 0.048153 0.024985 0.030343
0 0.523343 0.075198 0.013785 0.029024
0 0.535405 0.058707 0.018954 0.027704
0 0.369124 0.162269 0.031016 0.055409
0 0.345862 0.188654 0.027570 0.055409
0 0.392386 0.082454 0.032739 0.035620
0 0.363093 0.102902 0.031016 0.044855
0 0.419094 0.050132 0.034462 0.034301
0 0.444941 0.035620 0.034462 0.039578
