0 0.008929 0.704427 0.058673 0.138021
0 0.059524 0.573568 0.105442 0.121094
0 0.048895 0.649089 0.099490 0.115885
0 0.163265 0.624349 0.095238 0.167969
0 0.271684 0.520182 0.084184 0.134115
0 0.147534 0.503906 0.082483 0.104167
0 0.352041 0.427083 0.062925 0.085938
0 0.247874 0.439453 0.062075 0.074219
0 0.412840 0.360026 0.048469 0.071615
0 0.443452 0.307292 0.038265 0.065104
0 0.320578 0.386068 0.061224 0.082031
0 0.372449 0.343099 0.039116 0.061198
0 0.421344 0.267578 0.031463 0.042969
0 0.435374 0.203776 0.030612 0.055990
0 0.454932 0.270833 0.039116 0.049479
0 0.467687 0.216797 0.037415 0.069010
0 0.476190 0.159505 0.035714 0.040365
0 0.488946 0.100260 0.044218 0.046875
2 0.469388 0.095052 0.025510 0.057292
0 0.471088 0.034505 0.030612 0.032552
0 0.030187 0.544271 0.075680 0.104167
0 0.598639 0.113281 0.022109 0.036458
0 0.498724 0.052734 0.028061 0.035156
0 0.511480 0.016276 0.024660 0.027344
4 0.512573 0.621372 0.031878 0.134565
6 0.713747 0.791557 0.141296 0.116095
6 0.771902 0.651715 0.245544 0.203166
6 0.780518 0.536280 0.221420 0.167546
6 0.781810 0.405673 0.191266 0.162269
6 0.798611 0.317282 0.214528 0.146438
6 0.782672 0.237467 0.170589 0.087071
6 0.777072 0.182058 0.143880 0.092348
0 0.611653 0.316623 0.071509 0.047493
0 0.629315 0.262533 0.065478 0.058047
0 0.627161 0.234169 0.056001 0.046174
0 0.627591 0.213720 0.055140 0.052770
0 0.627161 0.158971 0.031878 0.051451
0 0.558236 0.048153 0.024985 0.030343
0 0.523343 0.075198 0.013785 0.029024
0 0.535405 0.058707 0.018954 0.027704
0 0.369124 0.162269 0.031016 0.055409
0 0.345862 0.188654 0.027570 0.055409
0 0.392386 0.082454 0.032739 0.035620
0 0.363093 0.102902 0.031016 0.044855
0 0.419094 0.050132 0.034462 0.034301
0 0.444941 0.035620 0.034462 0.039578
