0 0.059524 0.576172 0.105442 0.121094
0 0.048895 0.650391 0.099490 0.115885
0 0.151786 0.638021 0.104592 0.184896
0 0.267432 0.524089 0.084184 0.134115
0 0.133929 0.510417 0.082483 0.104167
0 0.349065 0.431641 0.065476 0.089844
0 0.248724 0.439453 0.062075 0.074219
0 0.414541 0.360026 0.048469 0.071615
0 0.443452 0.309896 0.038265 0.065104
0 0.320153 0.388021 0.058673 0.078125
0 0.372449 0.344401 0.039116 0.061198
0 0.417092 0.276693 0.031463 0.042969
0 0.431973 0.215495 0.030612 0.055990
0 0.455782 0.270833 0.039116 0.049479
0 0.467687 0.219401 0.035714 0.066406
0 0.474490 0.167969 0.039116 0.044271
0 0.485969 0.119141 0.048469 0.050781
2 0.465986 0.092448 0.023810 0.054688
0 0.486820 0.015625 0.026361 0.028646
0 0.030187 0.544271 0.075680 0.104167
0 0.594388 0.138021 0.022109 0.036458
0 0.491922 0.070312 0.029762 0.036458
0 0.499575 0.026693 0.024660 0.027344
0 0.309949 0.327474 0.067177 0.079427
4 0.512573 0.621372 0.031878 0.134565
6 0.713747 0.791557 0.141296 0.116095
6 0.771902 0.651715 0.245544 0.203166
6 0.780518 0.536280 0.221420 0.167546
6 0.781810 0.405673 0.191266 0.162269
6 0.798611 0.317282 0.214528 0.146438
6 0.782672 0.237467 0.170589 0.087071
6 0.777072 0.182058 0.143880 0.092348
0 0.611653 0.316623 0.071509 0.047493
0 0.629315 0.262533 0.065478 0.058047
0 0.627161 0.234169 0.056001 0.046174
0 0.627591 0.213720 0.055140 0.052770
0 0.627161 0.158971 0.031878 0.051451
0 0.558236 0.048153 0.024985 0.030343
0 0.523343 0.075198 0.013785 0.029024
0 0.535405 0.058707 0.018954 0.027704
0 0.369124 0.162269 0.031016 0.055409
0 0.345862 0.188654 0.027570 0.055409
0 0.392386 0.082454 0.032739 0.035620
0 0.363093 0.102902 0.031016 0.044855
0 0.419094 0.050132 0.034462 0.034301
0 0.444941 0.035620 0.034462 0.039578
