0 0.057823 0.576172 0.105442 0.121094
0 0.046344 0.650391 0.099490 0.115885
0 0.135629 0.667969 0.109694 0.156250
0 0.254677 0.532552 0.087585 0.140625
0 0.117347 0.515625 0.078231 0.098958
0 0.344388 0.436198 0.062925 0.085938
0 0.247024 0.439453 0.062075 0.074219
0 0.411990 0.361328 0.048469 0.071615
0 0.444303 0.307292 0.038265 0.065104
0 0.320153 0.389323 0.058673 0.078125
0 0.370748 0.340495 0.039116 0.061198
0 0.415391 0.281901 0.031463 0.042969
0 0.429422 0.222005 0.030612 0.055990
0 0.454932 0.270833 0.039116 0.049479
0 0.465986 0.219401 0.035714 0.066406
0 0.474065 0.171875 0.041667 0.046875
0 0.481718 0.134766 0.053571 0.055990
2 0.463010 0.097656 0.024660 0.057292
0 0.029337 0.544271 0.075680 0.104167
0 0.570153 0.157552 0.029762 0.041667
0 0.488520 0.087240 0.029762 0.036458
0 0.487670 0.043620 0.026361 0.029948
0 0.364371 0.260417 0.051871 0.062500
4 0.512573 0.621372 0.031878 0.134565
6 0.713747 0.791557 0.141296 0.116095
6 0.771902 0.651715 0.245544 0.203166
6 0.780518 0.536280 0.221420 0.167546
6 0.781810 0.405673 0.191266 0.162269
6 0.798611 0.317282 0.214528 0.146438
6 0.782672 0.237467 0.170589 0.087071
6 0.777072 0.182058 0.143880 0.092348
0 0.611653 0.316623 0.071509 0.047493
0 0.629315 0.262533 0.065478 0.058047
0 0.627161 0.234169 0.056001 0.046174
0 0.627591 0.213720 0.055140 0.052770
0 0.627161 0.158971 0.031878 0.051451
0 0.558236 0.048153 0.024985 0.030343
0 0.523343 0.075198 0.013785 0.029024
0 0.535405 0.058707 0.018954 0.027704
0 0.369124 0.162269 0.031016 0.055409
0 0.345862 0.188654 0.027570 0.055409
0 0.392386 0.082454 0.032739 0.035620
0 0.363093 0.102902 0.031016 0.044855
0 0.419094 0.050132 0.034462 0.034301
0 0.444941 0.035620 0.034462 0.039578
