0 0.057823 0.574870 0.105442 0.121094
0 0.046344 0.647786 0.099490 0.115885
0 0.097364 0.705729 0.126701 0.179688
0 0.238520 0.550130 0.096088 0.154948
0 0.106718 0.518229 0.073980 0.093750
0 0.338861 0.443359 0.065476 0.089844
0 0.247024 0.439453 0.062075 0.074219
0 0.408588 0.367839 0.048469 0.071615
0 0.445153 0.307292 0.038265 0.065104
0 0.321003 0.388021 0.058673 0.078125
0 0.370748 0.343099 0.040816 0.063802
0 0.413690 0.284505 0.031463 0.042969
0 0.430272 0.223307 0.030612 0.055990
0 0.454082 0.272135 0.039116 0.049479
0 0.466837 0.218099 0.035714 0.066406
0 0.473214 0.175781 0.041667 0.046875
0 0.480442 0.141276 0.056122 0.058594
0 0.030187 0.544271 0.075680 0.104167
0 0.551871 0.172526 0.030612 0.042969
0 0.483418 0.104167 0.029762 0.036458
0 0.480867 0.055339 0.026361 0.029948
0 0.387755 0.201823 0.044218 0.052083
4 0.512573 0.621372 0.031878 0.134565
6 0.713747 0.791557 0.141296 0.116095
6 0.771902 0.651715 0.245544 0.203166
6 0.780518 0.536280 0.221420 0.167546
6 0.781810 0.405673 0.191266 0.162269
6 0.798611 0.317282 0.214528 0.146438
6 0.782672 0.237467 0.170589 0.087071
6 0.777072 0.182058 0.143880 0.092348
0 0.611653 0.316623 0.071509 0.047493
0 0.629315 0.262533 0.065478 0.058047
0 0.627161 0.234169 0.056001 0.046174
0 0.627591 0.213720 0.055140 0.052770
0 0.627161 0.158971 0.031878 0.051451
0 0.558236 0.048153 0.024985 0.030343
0 0.523343 0.075198 0.013785 0.029024
0 0.535405 0.058707 0.018954 0.027704
0 0.369124 0.162269 0.031016 0.055409
0 0.345862 0.188654 0.027570 0.055409
0 0.392386 0.082454 0.032739 0.035620
0 0.363093 0.102902 0.031016 0.044855
0 0.419094 0.050132 0.034462 0.034301
0 0.444941 0.035620 0.034462 0.039578
