0 0.058673 0.576172 0.105442 0.121094
0 0.047194 0.647786 0.099490 0.115885
0 0.096514 0.705729 0.126701 0.179688
0 0.231718 0.557943 0.096088 0.154948
0 0.103316 0.519531 0.073980 0.093750
0 0.338010 0.442057 0.065476 0.089844
0 0.246173 0.439453 0.062075 0.074219
0 0.408588 0.369141 0.050170 0.074219
0 0.444303 0.307292 0.038265 0.065104
0 0.321003 0.389323 0.058673 0.078125
0 0.371599 0.341797 0.040816 0.063802
0 0.413690 0.285807 0.031463 0.042969
0 0.429422 0.222005 0.030612 0.055990
0 0.454932 0.272135 0.039116 0.049479
0 0.465986 0.218750 0.034014 0.062500
0 0.474065 0.175781 0.041667 0.046875
0 0.480442 0.141276 0.056122 0.058594
0 0.030187 0.545573 0.075680 0.104167
0 0.547619 0.173828 0.030612 0.042969
0 0.481293 0.107422 0.030612 0.037760
0 0.480867 0.057943 0.026361 0.029948
0 0.390731 0.194661 0.041667 0.050781
4 0.512573 0.621372 0.031878 0.134565
6 0.713747 0.791557 0.141296 0.116095
6 0.771902 0.651715 0.245544 0.203166
6 0.780518 0.536280 0.221420 0.167546
6 0.781810 0.405673 0.191266 0.162269
6 0.798611 0.317282 0.214528 0.146438
6 0.782672 0.237467 0.170589 0.087071
6 0.777072 0.182058 0.143880 0.092348
0 0.611653 0.316623 0.071509 0.047493
0 0.629315 0.262533 0.065478 0.058047
0 0.627161 0.234169 0.056001 0.046174
0 0.627591 0.213720 0.055140 0.052770
0 0.627161 0.158971 0.031878 0.051451
0 0.558236 0.048153 0.024985 0.030343
0 0.523343 0.075198 0.013785 0.029024
0 0.535405 0.058707 0.018954 0.027704
0 0.369124 0.162269 0.031016 0.055409
0 0.345862 0.188654 0.027570 0.055409
0 0.392386 0.082454 0.032739 0.035620
0 0.363093 0.102902 0.031016 0.044855
0 0.419094 0.050132 0.034462 0.034301
0 0.444941 0.035620 0.034462 0.039578
