0 0.058673 0.574870 0.105442 0.121094
0 0.046344 0.649089 0.099490 0.115885
0 0.095238 0.709635 0.139456 0.197917
0 0.210034 0.580078 0.091837 0.147135
0 0.073980 0.544922 0.081633 0.102865
0 0.325255 0.457031 0.068878 0.093750
0 0.248724 0.447917 0.072279 0.093750
0 0.397534 0.387370 0.048469 0.071615
0 0.444303 0.307292 0.038265 0.065104
0 0.321003 0.388021 0.058673 0.078125
0 0.370748 0.343099 0.039116 0.061198
0 0.413690 0.285807 0.031463 0.042969
0 0.427721 0.225911 0.030612 0.055990
0 0.455357 0.270833 0.036565 0.046875
0 0.466837 0.218750 0.034014 0.062500
0 0.474065 0.177734 0.043367 0.048177
0 0.479167 0.145182 0.053571 0.055990
0 0.030187 0.544271 0.075680 0.104167
0 0.528912 0.205078 0.032313 0.045573
0 0.464286 0.121745 0.030612 0.037760
0 0.478316 0.069661 0.026361 0.029948
0 0.406888 0.149089 0.039966 0.048177
4 0.512573 0.621372 0.031878 0.134565
6 0.713747 0.791557 0.141296 0.116095
6 0.771902 0.651715 0.245544 0.203166
6 0.780518 0.536280 0.221420 0.167546
6 0.781810 0.405673 0.191266 0.162269
6 0.798611 0.317282 0.214528 0.146438
6 0.782672 0.237467 0.170589 0.087071
6 0.777072 0.182058 0.143880 0.092348
0 0.611653 0.316623 0.071509 0.047493
0 0.629315 0.262533 0.065478 0.058047
0 0.627161 0.234169 0.056001 0.046174
0 0.627591 0.213720 0.055140 0.052770
0 0.627161 0.158971 0.031878 0.051451
0 0.558236 0.048153 0.024985 0.030343
0 0.523343 0.075198 0.013785 0.029024
0 0.535405 0.058707 0.018954 0.027704
0 0.369124 0.162269 0.031016 0.055409
0 0.345862 0.188654 0.027570 0.055409
0 0.392386 0.082454 0.032739 0.035620
0 0.363093 0.102902 0.031016 0.044855
0 0.419094 0.050132 0.034462 0.034301
0 0.444941 0.035620 0.034462 0.039578
