0 0.056973 0.574870 0.105442 0.121094
0 0.048044 0.646484 0.099490 0.115885
0 0.074405 0.719401 0.125000 0.149740
0 0.197279 0.593099 0.091837 0.147135
0 0.057823 0.563151 0.102041 0.121094
0 0.315901 0.464844 0.068878 0.093750
0 0.248724 0.444661 0.065476 0.084635
0 0.379677 0.409505 0.048469 0.071615
0 0.427721 0.329427 0.045918 0.078125
0 0.321003 0.388021 0.058673 0.078125
0 0.369898 0.341797 0.040816 0.063802
0 0.412840 0.283203 0.031463 0.042969
0 0.429422 0.225911 0.030612 0.055990
0 0.454082 0.273438 0.039116 0.049479
0 0.464286 0.218750 0.034014 0.062500
0 0.474065 0.176432 0.043367 0.048177
0 0.479167 0.147786 0.053571 0.055990
0 0.482143 0.423177 0.056122 0.091146
0 0.442602 0.168620 0.033163 0.040365
0 0.491922 0.113932 0.026361 0.029948
0 0.506803 0.044271 0.022109 0.033854
0 0.530612 0.024740 0.015306 0.020833
0 0.507653 0.018229 0.020408 0.026042
4 0.512573 0.621372 0.031878 0.134565
6 0.713747 0.791557 0.141296 0.116095
6 0.771902 0.651715 0.245544 0.203166
6 0.780518 0.536280 0.221420 0.167546
6 0.781810 0.405673 0.191266 0.162269
6 0.798611 0.317282 0.214528 0.146438
6 0.782672 0.237467 0.170589 0.087071
6 0.777072 0.182058 0.143880 0.092348
0 0.611653 0.316623 0.071509 0.047493
0 0.629315 0.262533 0.065478 0.058047
0 0.627161 0.234169 0.056001 0.046174
0 0.627591 0.213720 0.055140 0.052770
0 0.627161 0.158971 0.031878 0.051451
0 0.558236 0.048153 0.024985 0.030343
0 0.523343 0.075198 0.013785 0.029024
0 0.535405 0.058707 0.018954 0.027704
0 0.369124 0.162269 0.031016 0.055409
0 0.345862 0.188654 0.027570 0.055409
0 0.392386 0.082454 0.032739 0.035620
0 0.363093 0.102902 0.031016 0.044855
0 0.419094 0.050132 0.034462 0.034301
0 0.444941 0.035620 0.034462 0.039578
