0 0.055272 0.573568 0.105442 0.121094
0 0.048044 0.646484 0.099490 0.115885
0 0.074405 0.719401 0.125000 0.149740
0 0.195578 0.594401 0.091837 0.147135
0 0.057823 0.563151 0.102041 0.121094
0 0.315901 0.463542 0.068878 0.093750
0 0.247874 0.443359 0.065476 0.084635
0 0.377976 0.408203 0.050170 0.074219
0 0.416667 0.341146 0.045918 0.078125
0 0.320153 0.388021 0.058673 0.078125
0 0.370748 0.341797 0.042517 0.066406
0 0.413690 0.284505 0.031463 0.042969
0 0.428571 0.225911 0.030612 0.055990
0 0.450680 0.282552 0.039116 0.049479
0 0.465136 0.217448 0.034014 0.062500
0 0.474065 0.175781 0.041667 0.046875
0 0.479178 0.149783 0.026069 0.044185
0 0.408588 0.634115 0.058673 0.096354
0 0.441752 0.175130 0.033163 0.040365
0 0.513605 0.156901 0.028912 0.032552
0 0.505952 0.042969 0.022109 0.033854
0 0.519955 0.027917 0.019614 0.032707
0 0.544882 0.009894 0.020677 0.019789
4 0.512573 0.621372 0.031878 0.134565
6 0.713747 0.791557 0.141296 0.116095
6 0.771902 0.651715 0.245544 0.203166
6 0.780518 0.536280 0.221420 0.167546
6 0.781810 0.405673 0.191266 0.162269
6 0.798611 0.317282 0.214528 0.146438
6 0.782672 0.237467 0.170589 0.087071
6 0.777072 0.182058 0.143880 0.092348
0 0.611653 0.316623 0.071509 0.047493
0 0.629315 0.262533 0.065478 0.058047
0 0.627161 0.234169 0.056001 0.046174
0 0.627591 0.213720 0.055140 0.052770
0 0.627161 0.158971 0.031878 0.051451
0 0.558236 0.048153 0.024985 0.030343
0 0.523343 0.075198 0.013785 0.029024
0 0.535405 0.058707 0.018954 0.027704
0 0.369124 0.162269 0.031016 0.055409
0 0.345862 0.188654 0.027570 0.055409
0 0.392386 0.082454 0.032739 0.035620
0 0.363093 0.102902 0.031016 0.044855
0 0.419094 0.050132 0.034462 0.034301
0 0.444941 0.035620 0.034462 0.039578
