0 0.056122 0.574870 0.105442 0.121094
0 0.048044 0.646484 0.099490 0.115885
0 0.074405 0.720703 0.125000 0.149740
0 0.173044 0.621745 0.090986 0.147135
0 0.057823 0.563151 0.102041 0.121094
0 0.314201 0.466146 0.068878 0.093750
0 0.232993 0.462240 0.066327 0.101562
0 0.378827 0.408203 0.050170 0.074219
0 0.415816 0.343750 0.045918 0.078125
0 0.321003 0.386719 0.058673 0.078125
0 0.369898 0.341797 0.042517 0.066406
0 0.411990 0.284505 0.031463 0.042969
0 0.428571 0.227214 0.030612 0.055990
0 0.444728 0.296875 0.039116 0.049479
0 0.464286 0.223958 0.034014 0.062500
0 0.474065 0.177734 0.043367 0.048177
0 0.478741 0.147786 0.025510 0.042969
0 0.304847 0.885417 0.106293 0.153646
0 0.441752 0.177734 0.033163 0.040365
0 0.520833 0.218750 0.031463 0.054688
0 0.506803 0.042969 0.022109 0.033854
0 0.518282 0.029297 0.017857 0.029948
0 0.536565 0.014974 0.020408 0.019531
0 0.472789 0.054688 0.025510 0.044271
4 0.512573 0.621372 0.031878 0.134565
6 0.713747 0.791557 0.141296 0.116095
6 0.771902 0.651715 0.245544 0.203166
6 0.780518 0.536280 0.221420 0.167546
6 0.781810 0.405673 0.191266 0.162269
6 0.798611 0.317282 0.214528 0.146438
6 0.782672 0.237467 0.170589 0.087071
6 0.777072 0.182058 0.143880 0.092348
0 0.611653 0.316623 0.071509 0.047493
0 0.629315 0.262533 0.065478 0.058047
0 0.627161 0.234169 0.056001 0.046174
0 0.627591 0.213720 0.055140 0.052770
0 0.627161 0.158971 0.031878 0.051451
0 0.558236 0.048153 0.024985 0.030343
0 0.523343 0.075198 0.013785 0.029024
0 0.535405 0.058707 0.018954 0.027704
0 0.369124 0.162269 0.031016 0.055409
0 0.345862 0.188654 0.027570 0.055409
0 0.392386 0.082454 0.032739 0.035620
0 0.363093 0.102902 0.031016 0.044855
0 0.419094 0.050132 0.034462 0.034301
0 0.444941 0.035620 0.034462 0.039578
