0 0.063701 0.722955 0.111141 0.147757
0 0.062409 0.649077 0.094771 0.129288
0 0.062409 0.580475 0.110279 0.147757
0 0.032255 0.556069 0.075817 0.109499
0 0.180443 0.608839 0.098218 0.154354
0 0.223521 0.465699 0.070648 0.094987
0 0.311399 0.476913 0.063755 0.098945
0 0.326908 0.387863 0.060309 0.081794
0 0.378170 0.411609 0.056001 0.076517
0 0.380755 0.341029 0.056001 0.062005
0 0.415648 0.358179 0.046524 0.075198
0 0.412202 0.279024 0.044801 0.069921
0 0.451834 0.297493 0.036185 0.075198
0 0.522051 0.244063 0.028431 0.065963
0 0.431156 0.222296 0.027570 0.062005
0 0.467772 0.226253 0.035324 0.069921
0 0.442787 0.172164 0.031878 0.056728
0 0.478973 0.145119 0.030155 0.042216
0 0.476819 0.187995 0.034462 0.046174
2 0.461741 0.098285 0.018093 0.043536
0 0.519035 0.027045 0.020677 0.027704
0 0.541005 0.015172 0.023262 0.027704
4 0.512573 0.621372 0.031878 0.134565
6 0.713747 0.791557 0.141296 0.116095
6 0.771902 0.651715 0.245544 0.203166
6 0.780518 0.536280 0.221420 0.167546
6 0.781810 0.405673 0.191266 0.162269
6 0.798611 0.317282 0.214528 0.146438
6 0.782672 0.237467 0.170589 0.087071
6 0.777072 0.182058 0.143880 0.092348
0 0.611653 0.316623 0.071509 0.047493
0 0.629315 0.262533 0.065478 0.058047
0 0.627161 0.234169 0.056001 0.046174
0 0.627591 0.213720 0.055140 0.052770
0 0.627161 0.158971 0.031878 0.051451
0 0.558236 0.048153 0.024985 0.030343
0 0.523343 0.075198 0.013785 0.029024
0 0.535405 0.058707 0.018954 0.027704
0 0.369124 0.162269 0.031016 0.055409
0 0.345862 0.188654 0.027570 0.055409
0 0.392386 0.082454 0.032739 0.035620
0 0.363093 0.102902 0.031016 0.044855
0 0.419094 0.050132 0.034462 0.034301
0 0.444941 0.035620 0.034462 0.039578
