0 0.062925 0.722005 0.110544 0.147135
0 0.062500 0.647786 0.094388 0.128906
0 0.062500 0.580078 0.109694 0.147135
0 0.031037 0.557292 0.075680 0.109375
0 0.179847 0.608073 0.097789 0.153646
0 0.166241 0.493490 0.070578 0.093750
0 0.303571 0.479818 0.062925 0.097656
0 0.325680 0.384115 0.059524 0.080729
0 0.377126 0.410807 0.058673 0.079427
0 0.378827 0.341146 0.058673 0.065104
0 0.414966 0.358724 0.045918 0.074219
0 0.406463 0.287109 0.044218 0.069010
0 0.443027 0.312500 0.037415 0.078125
0 0.503401 0.375651 0.030612 0.071615
0 0.430272 0.225911 0.027211 0.061198
0 0.461310 0.241536 0.034864 0.069010
0 0.441752 0.171224 0.031463 0.055990
0 0.477466 0.148438 0.029762 0.041667
0 0.473639 0.199870 0.034014 0.045573
2 0.457908 0.098307 0.017857 0.042969
0 0.519558 0.024089 0.020408 0.027344
0 0.539966 0.015625 0.022109 0.026042
4 0.512573 0.621372 0.031878 0.134565
6 0.713747 0.791557 0.141296 0.116095
6 0.771902 0.651715 0.245544 0.203166
6 0.780518 0.536280 0.221420 0.167546
6 0.781810 0.405673 0.191266 0.162269
6 0.798611 0.317282 0.214528 0.146438
6 0.782672 0.237467 0.170589 0.087071
6 0.777072 0.182058 0.143880 0.092348
0 0.611653 0.316623 0.071509 0.047493
0 0.629315 0.262533 0.065478 0.058047
0 0.627161 0.234169 0.056001 0.046174
0 0.627591 0.213720 0.055140 0.052770
0 0.627161 0.158971 0.031878 0.051451
0 0.558236 0.048153 0.024985 0.030343
0 0.523343 0.075198 0.013785 0.029024
0 0.535405 0.058707 0.018954 0.027704
0 0.369124 0.162269 0.031016 0.055409
0 0.345862 0.188654 0.027570 0.055409
0 0.392386 0.082454 0.032739 0.035620
0 0.363093 0.102902 0.031016 0.044855
0 0.419094 0.050132 0.034462 0.034301
0 0.444941 0.035620 0.034462 0.039578
