0 0.062075 0.722005 0.110544 0.147135
0 0.062500 0.649089 0.094388 0.128906
0 0.061650 0.581380 0.109694 0.147135
0 0.031037 0.557292 0.075680 0.109375
0 0.179847 0.608073 0.097789 0.153646
0 0.145833 0.503906 0.073980 0.098958
0 0.301020 0.483724 0.062925 0.097656
0 0.323980 0.386719 0.059524 0.080729
0 0.376276 0.410807 0.058673 0.079427
0 0.378827 0.339193 0.055272 0.061198
0 0.414116 0.358724 0.045918 0.074219
0 0.406463 0.287109 0.042517 0.066406
0 0.440476 0.315104 0.037415 0.078125
0 0.452381 0.833333 0.073129 0.203125
0 0.429422 0.229818 0.027211 0.061198
0 0.455357 0.258464 0.033163 0.066406
0 0.440901 0.184245 0.033163 0.058594
0 0.474915 0.167969 0.031463 0.044271
0 0.470238 0.220703 0.037415 0.050781
2 0.457908 0.102214 0.017857 0.042969
0 0.518707 0.025391 0.020408 0.027344
0 0.539966 0.015625 0.022109 0.026042
0 0.326105 0.281901 0.073980 0.092448
4 0.512573 0.621372 0.031878 0.134565
6 0.713747 0.791557 0.141296 0.116095
6 0.771902 0.651715 0.245544 0.203166
6 0.780518 0.536280 0.221420 0.167546
6 0.781810 0.405673 0.191266 0.162269
6 0.798611 0.317282 0.214528 0.146438
6 0.782672 0.237467 0.170589 0.087071
6 0.777072 0.182058 0.143880 0.092348
0 0.611653 0.316623 0.071509 0.047493
0 0.629315 0.262533 0.065478 0.058047
0 0.627161 0.234169 0.056001 0.046174
0 0.627591 0.213720 0.055140 0.052770
0 0.627161 0.158971 0.031878 0.051451
0 0.558236 0.048153 0.024985 0.030343
0 0.523343 0.075198 0.013785 0.029024
0 0.535405 0.058707 0.018954 0.027704
0 0.369124 0.162269 0.031016 0.055409
0 0.345862 0.188654 0.027570 0.055409
0 0.392386 0.082454 0.032739 0.035620
0 0.363093 0.102902 0.031016 0.044855
0 0.419094 0.050132 0.034462 0.034301
0 0.444941 0.035620 0.034462 0.039578
