0 0.062075 0.718099 0.110544 0.147135
0 0.062500 0.650391 0.094388 0.128906
0 0.062500 0.580078 0.109694 0.147135
0 0.030187 0.555990 0.075680 0.109375
0 0.177296 0.608073 0.097789 0.153646
0 0.144133 0.501302 0.073980 0.098958
0 0.298044 0.481771 0.065476 0.101562
0 0.289966 0.415365 0.059524 0.080729
0 0.376276 0.410807 0.058673 0.079427
0 0.373724 0.344401 0.060374 0.066406
0 0.414116 0.357422 0.045918 0.074219
0 0.406463 0.288411 0.042517 0.066406
0 0.440051 0.317057 0.034864 0.074219
0 0.430272 0.227865 0.027211 0.059896
0 0.453656 0.257161 0.033163 0.066406
0 0.440901 0.181641 0.033163 0.058594
0 0.472364 0.175781 0.031463 0.044271
0 0.468112 0.225911 0.034864 0.048177
2 0.456778 0.093355 0.020408 0.049479
0 0.518707 0.026693 0.020408 0.027344
0 0.539966 0.016927 0.022109 0.026042
0 0.400086 0.158646 0.030343 0.050506
0 0.478741 0.049479 0.022109 0.036458
0 0.461310 0.123698 0.029762 0.039062
0 0.501276 0.018880 0.022959 0.029948
4 0.512573 0.621372 0.031878 0.134565
6 0.713747 0.791557 0.141296 0.116095
6 0.771902 0.651715 0.245544 0.203166
6 0.780518 0.536280 0.221420 0.167546
6 0.781810 0.405673 0.191266 0.162269
6 0.798611 0.317282 0.214528 0.146438
6 0.782672 0.237467 0.170589 0.087071
6 0.777072 0.182058 0.143880 0.092348
0 0.611653 0.316623 0.071509 0.047493
0 0.629315 0.262533 0.065478 0.058047
0 0.627161 0.234169 0.056001 0.046174
0 0.627591 0.213720 0.055140 0.052770
0 0.627161 0.158971 0.031878 0.051451
0 0.558236 0.048153 0.024985 0.030343
0 0.523343 0.075198 0.013785 0.029024
0 0.535405 0.058707 0.018954 0.027704
0 0.369124 0.162269 0.031016 0.055409
0 0.345862 0.188654 0.027570 0.055409
0 0.392386 0.082454 0.032739 0.035620
0 0.363093 0.102902 0.031016 0.044855
0 0.419094 0.050132 0.034462 0.034301
0 0.444941 0.035620 0.034462 0.039578
