0 0.062925 0.719401 0.110544 0.147135
0 0.061650 0.650391 0.094388 0.128906
0 0.062500 0.580078 0.109694 0.147135
0 0.030187 0.555990 0.075680 0.109375
0 0.178146 0.608073 0.097789 0.153646
0 0.144133 0.502604 0.073980 0.098958
0 0.294643 0.485677 0.065476 0.101562
0 0.235544 0.453776 0.073129 0.102865
0 0.366071 0.423177 0.067177 0.091146
0 0.329932 0.389974 0.071429 0.082031
0 0.414541 0.356771 0.043367 0.070312
0 0.387755 0.317057 0.042517 0.066406
0 0.440051 0.317057 0.034864 0.074219
0 0.426446 0.244141 0.028061 0.063802
0 0.453656 0.257161 0.033163 0.066406
0 0.440901 0.188802 0.031463 0.054688
0 0.471514 0.177083 0.031463 0.044271
0 0.468112 0.225911 0.034864 0.048177
2 0.430272 0.162760 0.020408 0.049479
0 0.518707 0.025391 0.020408 0.027344
0 0.539116 0.016927 0.022109 0.026042
0 0.494898 0.115885 0.022109 0.036458
0 0.446003 0.165365 0.029762 0.039062
0 0.476190 0.057943 0.025510 0.032552
0 0.512330 0.191406 0.046769 0.057292
2 0.457908 0.089844 0.012755 0.036458
4 0.512573 0.621372 0.031878 0.134565
6 0.713747 0.791557 0.141296 0.116095
6 0.771902 0.651715 0.245544 0.203166
6 0.780518 0.536280 0.221420 0.167546
6 0.781810 0.405673 0.191266 0.162269
6 0.798611 0.317282 0.214528 0.146438
6 0.782672 0.237467 0.170589 0.087071
6 0.777072 0.182058 0.143880 0.092348
0 0.611653 0.316623 0.071509 0.047493
0 0.629315 0.262533 0.065478 0.058047
0 0.627161 0.234169 0.056001 0.046174
0 0.627591 0.213720 0.055140 0.052770
0 0.627161 0.158971 0.031878 0.051451
0 0.558236 0.048153 0.024985 0.030343
0 0.523343 0.075198 0.013785 0.029024
0 0.535405 0.058707 0.018954 0.027704
0 0.369124 0.162269 0.031016 0.055409
0 0.345862 0.188654 0.027570 0.055409
0 0.392386 0.082454 0.032739 0.035620
0 0.363093 0.102902 0.031016 0.044855
0 0.419094 0.050132 0.034462 0.034301
0 0.444941 0.035620 0.034462 0.039578
