0 0.061224 0.719401 0.110544 0.147135
0 0.060799 0.647786 0.094388 0.128906
0 0.060799 0.581380 0.109694 0.147135
0 0.029337 0.554688 0.075680 0.109375
0 0.176446 0.606771 0.097789 0.153646
0 0.143282 0.501302 0.073980 0.098958
0 0.293793 0.485677 0.065476 0.101562
0 0.234694 0.455078 0.073129 0.102865
0 0.365221 0.421875 0.067177 0.091146
0 0.327381 0.392578 0.071429 0.082031
0 0.414541 0.355469 0.043367 0.070312
0 0.384354 0.322266 0.044218 0.069010
0 0.439201 0.318359 0.034864 0.074219
0 0.423044 0.249349 0.028061 0.063802
0 0.454507 0.257161 0.033163 0.066406
0 0.440051 0.190104 0.031463 0.054688
0 0.471514 0.177083 0.031463 0.044271
0 0.467262 0.223307 0.034864 0.048177
2 0.428571 0.166667 0.020408 0.049479
0 0.518707 0.022786 0.020408 0.027344
0 0.538265 0.016927 0.022109 0.026042
0 0.500850 0.136719 0.022109 0.036458
0 0.445153 0.165365 0.029762 0.039062
0 0.474065 0.067708 0.028061 0.036458
0 0.514881 0.219401 0.051871 0.063802
2 0.455357 0.089844 0.012755 0.036458
0 0.488095 0.030599 0.023810 0.040365
0 0.475765 0.029297 0.026361 0.027344
4 0.512573 0.621372 0.031878 0.134565
6 0.713747 0.791557 0.141296 0.116095
6 0.771902 0.651715 0.245544 0.203166
6 0.780518 0.536280 0.221420 0.167546
6 0.781810 0.405673 0.191266 0.162269
6 0.798611 0.317282 0.214528 0.146438
6 0.782672 0.237467 0.170589 0.087071
6 0.777072 0.182058 0.143880 0.092348
0 0.611653 0.316623 0.071509 0.047493
0 0.629315 0.262533 0.065478 0.058047
0 0.627161 0.234169 0.056001 0.046174
0 0.627591 0.213720 0.055140 0.052770
0 0.627161 0.158971 0.031878 0.051451
0 0.558236 0.048153 0.024985 0.030343
0 0.523343 0.075198 0.013785 0.029024
0 0.535405 0.058707 0.018954 0.027704
0 0.369124 0.162269 0.031016 0.055409
0 0.345862 0.188654 0.027570 0.055409
0 0.392386 0.082454 0.032739 0.035620
0 0.363093 0.102902 0.031016 0.044855
0 0.419094 0.050132 0.034462 0.034301
0 0.444941 0.035620 0.034462 0.039578
