0 0.062075 0.720703 0.110544 0.147135
0 0.061650 0.647786 0.094388 0.128906
0 0.061650 0.583984 0.109694 0.147135
0 0.027636 0.555990 0.075680 0.109375
0 0.177296 0.604167 0.097789 0.153646
0 0.144133 0.502604 0.073980 0.098958
0 0.292092 0.486979 0.065476 0.101562
0 0.233844 0.453776 0.073129 0.102865
0 0.358844 0.427734 0.069728 0.095052
0 0.316327 0.402344 0.068027 0.078125
0 0.413690 0.355469 0.043367 0.070312
0 0.379252 0.328776 0.044218 0.069010
0 0.440051 0.319010 0.033163 0.070312
0 0.415816 0.266276 0.028912 0.066406
0 0.453656 0.258464 0.033163 0.066406
0 0.434524 0.203125 0.032313 0.057292
0 0.471514 0.178385 0.031463 0.044271
0 0.468963 0.225911 0.034864 0.048177
2 0.426446 0.168620 0.022959 0.055990
0 0.518707 0.022786 0.020408 0.027344
0 0.538265 0.016927 0.022109 0.026042
0 0.517432 0.238281 0.026361 0.044271
0 0.443878 0.171224 0.030612 0.040365
0 0.480017 0.097656 0.028061 0.036458
0 0.511054 0.339844 0.059524 0.072917
2 0.456207 0.088542 0.012755 0.036458
0 0.474065 0.046875 0.024660 0.041667
4 0.512573 0.621372 0.031878 0.134565
6 0.713747 0.791557 0.141296 0.116095
6 0.771902 0.651715 0.245544 0.203166
6 0.780518 0.536280 0.221420 0.167546
6 0.781810 0.405673 0.191266 0.162269
6 0.798611 0.317282 0.214528 0.146438
6 0.782672 0.237467 0.170589 0.087071
6 0.777072 0.182058 0.143880 0.092348
0 0.611653 0.316623 0.071509 0.047493
0 0.629315 0.262533 0.065478 0.058047
0 0.627161 0.234169 0.056001 0.046174
0 0.627591 0.213720 0.055140 0.052770
0 0.627161 0.158971 0.031878 0.051451
0 0.558236 0.048153 0.024985 0.030343
0 0.523343 0.075198 0.013785 0.029024
0 0.535405 0.058707 0.018954 0.027704
0 0.369124 0.162269 0.031016 0.055409
0 0.345862 0.188654 0.027570 0.055409
0 0.392386 0.082454 0.032739 0.035620
0 0.363093 0.102902 0.031016 0.044855
0 0.419094 0.050132 0.034462 0.034301
0 0.444941 0.035620 0.034462 0.039578
