0 0.060374 0.720703 0.110544 0.147135
0 0.062500 0.647786 0.094388 0.128906
0 0.062500 0.582682 0.109694 0.147135
0 0.027636 0.555990 0.075680 0.109375
0 0.176446 0.604167 0.097789 0.153646
0 0.144133 0.501302 0.073980 0.098958
0 0.291241 0.488281 0.062075 0.096354
0 0.234694 0.453776 0.073129 0.102865
0 0.354167 0.432943 0.073980 0.100260
0 0.312075 0.404297 0.071429 0.082031
0 0.412840 0.355469 0.045068 0.072917
0 0.377551 0.331380 0.044218 0.069010
0 0.439201 0.317057 0.034864 0.074219
0 0.413265 0.268880 0.028912 0.066406
0 0.455357 0.257161 0.033163 0.066406
0 0.428571 0.227865 0.032313 0.057292
0 0.471088 0.176432 0.032313 0.045573
0 0.468112 0.225911 0.034864 0.048177
2 0.421769 0.184896 0.025510 0.062500
0 0.518707 0.022786 0.020408 0.027344
0 0.538265 0.016927 0.022109 0.026042
0 0.483844 0.408854 0.042517 0.080729
0 0.439626 0.188151 0.030612 0.040365
0 0.501701 0.126302 0.035714 0.041667
0 0.446003 0.566406 0.072279 0.088542
2 0.455357 0.088542 0.012755 0.036458
0 0.475340 0.074870 0.028912 0.048177
0 0.483844 0.040365 0.023810 0.028646
4 0.512573 0.621372 0.031878 0.134565
6 0.713747 0.791557 0.141296 0.116095
6 0.771902 0.651715 0.245544 0.203166
6 0.780518 0.536280 0.221420 0.167546
6 0.781810 0.405673 0.191266 0.162269
6 0.798611 0.317282 0.214528 0.146438
6 0.782672 0.237467 0.170589 0.087071
6 0.777072 0.182058 0.143880 0.092348
0 0.611653 0.316623 0.071509 0.047493
0 0.629315 0.262533 0.065478 0.058047
0 0.627161 0.234169 0.056001 0.046174
0 0.627591 0.213720 0.055140 0.052770
0 0.627161 0.158971 0.031878 0.051451
0 0.558236 0.048153 0.024985 0.030343
0 0.523343 0.075198 0.013785 0.029024
0 0.535405 0.058707 0.018954 0.027704
0 0.369124 0.162269 0.031016 0.055409
0 0.345862 0.188654 0.027570 0.055409
0 0.392386 0.082454 0.032739 0.035620
0 0.363093 0.102902 0.031016 0.044855
0 0.419094 0.050132 0.034462 0.034301
0 0.444941 0.035620 0.034462 0.039578
