0 0.105789 0.479911 0.081158 0.061545
0 0.441579 0.468227 0.118947 0.066890
0 0.905789 0.519211 0.114717 0.081940
0 -0.010526 0.155151 0.084211 0.162207
0 0.011158 0.215786 0.014717 0.040114
0 0.056116 0.161880 0.041158 0.010100
0 0.110526 0.177258 0.011684 0.016789
0 0.097895 0.117960 0.029474 0.015117
0 0.296116 0.188961 0.057895 0.050167
1 0.086116 0.144482 0.015789 0.046821
2 0.084211 0.121579 0.014717 0.045151
0 0.892646 0.258697 0.061051 0.056856
0 0.961071 0.811492 0.124061 0.119048
0 0.994177 0.560847 0.075770 0.097884
