0 0.098947 0.468227 0.080000 0.060201
0 0.441579 0.468227 0.118947 0.066890
0 0.905789 0.519211 0.114717 0.081940
0 -0.011684 0.149498 0.088421 0.170569
0 0.015261 0.214114 0.014717 0.040114
0 0.055261 0.165552 0.041158 0.010100
0 0.129474 0.177258 0.011684 0.016789
0 0.098947 0.117960 0.029474 0.015117
0 0.296116 0.190615 0.057895 0.050167
1 0.081158 0.117791 0.015789 0.046821
2 0.081051 0.116890 0.014717 0.045151
0 0.901158 0.262542 0.061051 0.056856
0 0.905789 0.816890 0.121158 0.118729
0 0.990000 0.564181 0.078947 0.102007
