0 0.084211 0.446488 0.080000 0.060201
0 0.441579 0.468227 0.118947 0.066890
0 0.905789 0.519211 0.114717 0.081940
0 0.016842 0.226589 0.011579 0.015117
0 0.057168 0.161880 0.041158 0.010100
0 0.110526 0.177258 0.011684 0.016789
0 0.097895 0.119612 0.029474 0.015117
0 0.296116 0.188961 0.057895 0.050167
1 0.080000 0.126087 0.015789 0.046821
2 0.076116 0.105184 0.011684 0.041806
0 0.980526 0.567726 0.091579 0.118729
0 0.802105 0.819198 0.187168 0.111779
0 0.846168 0.218757 0.059117 0.010421
0 0.941921 0.277778 0.084096 0.060847
