0 0.077895 0.416455 0.080000 0.060201
0 0.441579 0.468227 0.118947 0.066890
0 0.905789 0.519211 0.114717 0.081940
0 0.017895 0.224916 0.011579 0.015117
0 0.057168 0.161880 0.041158 0.010100
0 0.110526 0.177258 0.011684 0.016789
0 0.097895 0.119612 0.029474 0.015117
0 0.296116 0.188961 0.057895 0.050167
1 0.076842 0.121070 0.015789 0.046821
2 0.074211 0.298495 0.011684 0.041806
0 0.974211 0.571070 0.091579 0.118729
0 0.740526 0.819198 0.196842 0.140468
0 0.854717 0.241619 0.061051 0.011771
0 0.942612 0.277592 0.081158 0.060201
