0 0.074717 0.429766 0.080000 0.060201
0 0.440526 0.468227 0.118947 0.066890
0 0.905789 0.519211 0.114717 0.081940
0 0.017895 0.222408 0.011684 0.016789
0 0.056116 0.161880 0.041158 0.010100
0 0.110526 0.178910 0.011684 0.016789
0 0.097895 0.119612 0.029474 0.015117
0 0.295261 0.188961 0.057895 0.050167
1 0.075789 0.119198 0.015789 0.046821
2 0.074717 0.296821 0.014717 0.045151
0 0.972105 0.571906 0.095789 0.121746
0 0.707895 0.817726 0.196842 0.140468
0 0.866116 0.244981 0.061051 0.011771
0 0.946842 0.277592 0.081158 0.060201
