0 0.071684 0.424749 0.080000 0.060201
0 0.440526 0.468227 0.118947 0.066890
0 0.905789 0.519211 0.114717 0.081940
0 0.018947 0.221244 0.011579 0.015117
0 0.056116 0.161880 0.041158 0.010100
0 0.129474 0.178910 0.011684 0.016789
0 0.097895 0.119612 0.029474 0.015117
0 0.295261 0.187291 0.057895 0.050167
1 0.076842 0.116054 0.015789 0.046821
2 0.071158 0.295151 0.011684 0.041806
0 0.971051 0.571906 0.095789 0.121746
0 0.676116 0.816054 0.196842 0.140468
0 0.871579 0.248128 0.061051 0.011771
0 0.970641 0.295117 0.087168 0.061545
2 0.010200 0.285714 0.019151 0.050265
