0 0.071579 0.418060 0.080000 0.060201
0 0.441579 0.469900 0.118947 0.066890
0 0.906842 0.519211 0.114717 0.081940
0 0.018947 0.221572 0.011579 0.015117
0 0.056116 0.161880 0.041158 0.010100
0 0.110526 0.178910 0.011684 0.016789
0 0.097895 0.119612 0.029474 0.015117
0 0.295261 0.188961 0.057895 0.050167
1 0.075789 0.112709 0.015789 0.046821
2 0.072612 0.291806 0.014717 0.045151
0 0.967895 0.571906 0.095789 0.121746
0 0.641579 0.814181 0.196842 0.140468
0 0.878947 0.251672 0.061051 0.011771
0 0.976116 0.295987 0.081158 0.060201
2 0.011579 0.284281 0.018947 0.050167
