0 0.068421 0.411171 0.080000 0.060201
0 0.441579 0.469900 0.118947 0.066890
0 0.906842 0.519211 0.114717 0.081940
0 0.018947 0.221572 0.011579 0.015117
0 0.056116 0.161880 0.041158 0.010100
0 0.110526 0.178910 0.011684 0.016789
0 0.098947 0.119612 0.029474 0.015117
0 0.295261 0.187291 0.057895 0.050167
1 0.075789 0.109165 0.015789 0.046821
2 0.072105 0.286789 0.011684 0.041806
0 0.966842 0.571906 0.095789 0.121746
0 0.581579 0.811017 0.196842 0.140468
0 0.896116 0.255851 0.064211 0.011445
0 0.990000 0.101001 0.081158 0.060201
2 0.016116 0.285117 0.020000 0.051819
