0 0.067168 0.408027 0.080000 0.060201
0 0.441579 0.469900 0.118947 0.066890
0 0.905789 0.519211 0.114717 0.081940
0 0.018947 0.218227 0.011579 0.015117
0 0.056116 0.161880 0.041158 0.010100
0 0.129474 0.178910 0.011684 0.016789
0 0.097895 0.119612 0.029474 0.015117
0 0.295261 0.190615 0.057895 0.050167
1 0.071684 0.106020 0.015789 0.046821
2 0.072105 0.285951 0.011684 0.040114
0 0.966842 0.570214 0.095789 0.121746
0 0.552105 0.809165 0.196842 0.140468
0 0.901579 0.259197 0.064211 0.011445
0 0.999474 0.102676 0.081158 0.060201
2 0.019474 0.281445 0.020000 0.051819
0 0.990214 0.902116 0.095751 0.161176
