0 0.060000 0.189612 0.080000 0.060201
0 0.441579 0.469900 0.118947 0.066890
0 0.905789 0.519211 0.114717 0.081940
0 0.041051 0.214881 0.011579 0.015117
0 0.056116 0.161880 0.041158 0.010100
0 0.129474 0.178910 0.011684 0.016789
0 0.097895 0.119612 0.029474 0.015117
0 0.295261 0.188961 0.057895 0.050167
1 0.072612 0.295987 0.015789 0.046821
2 0.070000 0.277592 0.011579 0.016789
0 0.966842 0.571579 0.095789 0.121746
0 0.411051 0.801001 0.196842 0.140468
0 0.916116 0.266722 0.068421 0.015117
2 0.010000 0.281445 0.020000 0.051819
0 0.906950 0.900112 0.211988 0.181862
