0 0.058947 0.181271 0.080000 0.060201
0 0.440526 0.469900 0.118947 0.066890
0 0.905789 0.517559 0.114717 0.081940
0 0.042105 0.211518 0.011579 0.015117
0 0.056116 0.161880 0.041158 0.010100
0 0.111579 0.175585 0.011684 0.016789
0 0.098947 0.119612 0.029474 0.015117
0 0.296116 0.190615 0.057895 0.050167
1 0.071579 0.290970 0.015789 0.046821
2 0.069474 0.271719 0.012612 0.018462
0 0.965789 0.571579 0.095789 0.121746
0 0.167895 0.801001 0.196842 0.140468
2 0.014211 0.281445 0.020000 0.051819
0 0.946842 0.276756 0.066116 0.048495
0 0.849474 0.892977 0.250526 0.191980
0 0.011510 0.484127 0.079101 0.055556
