0 0.057895 0.177926 0.080000 0.060201
0 0.440526 0.469900 0.118947 0.066890
0 0.905789 0.519211 0.114717 0.081940
0 0.042105 0.211211 0.011579 0.015117
0 0.056116 0.161880 0.041158 0.010100
0 0.110526 0.177258 0.011684 0.016789
0 0.098947 0.119612 0.029474 0.015117
0 0.296116 0.188961 0.057895 0.050167
1 0.070526 0.289298 0.015789 0.046821
2 0.068947 0.269211 0.011684 0.040114
0 0.965789 0.571906 0.095789 0.121746
0 0.141051 0.795987 0.187168 0.111779
2 0.016116 0.281445 0.020000 0.051819
0 0.954211 0.281771 0.066116 0.048495
0 0.809474 0.889612 0.250526 0.191980
0 0.016116 0.480769 0.078947 0.055184
