0 0.055789 0.170401 0.075789 0.058528
0 0.440526 0.469900 0.118947 0.066890
0 0.905789 0.519211 0.114717 0.081940
0 0.041579 0.209866 0.028421 0.011771
0 0.056116 0.161880 0.041158 0.010100
0 0.110526 0.177258 0.011684 0.016789
0 0.098947 0.119612 0.029474 0.015117
0 0.296116 0.187291 0.057895 0.050167
1 0.071579 0.285951 0.015789 0.046821
2 0.068947 0.265886 0.011684 0.040114
0 0.966842 0.570214 0.095789 0.121746
0 0.106842 0.786789 0.196842 0.118796
2 0.041051 0.282609 0.018947 0.050167
0 0.969474 0.287625 0.061158 0.046821
0 0.028421 0.471572 0.082105 0.056856
0 0.756842 0.885452 0.277895 0.202141
