0 0.054717 0.165185 0.075789 0.058528
0 0.441579 0.469900 0.118947 0.066890
0 0.905789 0.519211 0.114717 0.081940
0 0.040526 0.209866 0.028421 0.011771
0 0.056116 0.161880 0.041158 0.010100
0 0.110526 0.177258 0.011684 0.016789
0 0.098947 0.119612 0.029474 0.015117
0 0.296116 0.190615 0.057895 0.050167
1 0.070526 0.282609 0.015789 0.046821
2 0.068421 0.265050 0.012612 0.018462
0 0.966842 0.571906 0.095789 0.121746
0 0.275261 0.786789 0.196842 0.118796
2 0.041158 0.282609 0.018947 0.050167
0 0.978947 0.289298 0.061158 0.046821
0 0.014717 0.464881 0.082105 0.056856
0 0.715261 0.885452 0.291579 0.212175
