0 0.051684 0.161712 0.075789 0.058528
0 0.441579 0.469900 0.118947 0.066890
0 0.905789 0.519211 0.114717 0.081940
0 0.040526 0.209866 0.028421 0.011771
0 0.056116 0.161880 0.041158 0.010100
0 0.110526 0.177258 0.011684 0.016789
0 0.097895 0.119612 0.029474 0.015117
0 0.296116 0.190615 0.057895 0.050167
1 0.071051 0.281771 0.014717 0.045151
2 0.067168 0.261706 0.012612 0.018462
0 0.965789 0.571906 0.095789 0.121746
0 0.241684 0.788462 0.196842 0.118796
2 0.045261 0.282609 0.018947 0.050167
0 0.985261 0.294114 0.061158 0.046821
0 0.018947 0.461211 0.082105 0.056856
0 0.671051 0.882107 0.291579 0.212175
