0 0.050000 0.152007 0.068421 0.051819
0 0.440526 0.469900 0.118947 0.066890
0 0.904717 0.519211 0.114717 0.081940
0 0.041579 0.207158 0.010526 0.011445
0 0.056116 0.161880 0.041158 0.010100
0 0.110526 0.177258 0.011684 0.016789
0 0.097895 0.119612 0.029474 0.015117
0 0.296116 0.188961 0.057895 0.050167
1 0.070000 0.275084 0.014717 0.045151
2 0.066842 0.258161 0.011579 0.015117
0 0.965789 0.570214 0.095789 0.121746
0 0.147895 0.785117 0.196842 0.118796
2 0.052105 0.279264 0.017895 0.046821
0 0.017895 0.456522 0.086116 0.060201
0 0.541684 0.877090 0.291579 0.212175
