0 0.051051 0.148662 0.068421 0.051819
0 0.440526 0.469900 0.118947 0.066890
0 0.905789 0.519211 0.114717 0.081940
0 0.040526 0.207158 0.010526 0.011445
0 0.056116 0.165552 0.041158 0.010100
0 0.110526 0.177258 0.011684 0.016789
0 0.097895 0.119612 0.029474 0.015117
0 0.296116 0.188961 0.057895 0.050167
1 0.070000 0.271719 0.014717 0.045151
2 0.065789 0.255017 0.011579 0.015117
0 0.966842 0.571906 0.095789 0.121746
0 0.117895 0.785117 0.187168 0.112107
2 0.051158 0.280916 0.017895 0.046821
0 0.041158 0.451177 0.086116 0.060201
0 0.499474 0.880415 0.291579 0.212175
0 0.980222 0.816118 0.075770 0.097884
