0 0.051051 0.145118 0.068421 0.051819
0 0.440526 0.469900 0.118947 0.066890
0 0.905789 0.519211 0.114717 0.081940
0 0.040526 0.204849 0.028421 0.011771
0 0.056116 0.165552 0.041158 0.010100
0 0.110526 0.177258 0.011684 0.016789
0 0.097895 0.119612 0.029474 0.015117
0 0.296116 0.187291 0.057895 0.050167
1 0.070000 0.268195 0.014717 0.045151
2 0.066116 0.254181 0.010526 0.011445
0 0.965789 0.571906 0.095789 0.121746
0 0.084211 0.786789 0.187168 0.112107
2 0.055261 0.279264 0.017895 0.046821
0 0.047168 0.446488 0.082105 0.056856
0 0.454211 0.880415 0.291579 0.212175
0 0.959474 0.816890 0.078947 0.102007
