0 0.047895 0.118629 0.068421 0.051819
0 0.441579 0.468227 0.118947 0.066890
0 0.904717 0.519211 0.114717 0.081940
0 0.040526 0.201177 0.028421 0.011771
0 0.057168 0.161880 0.041158 0.010100
0 0.110526 0.177258 0.011684 0.016789
0 0.098947 0.119612 0.029474 0.015117
0 0.296116 0.188961 0.057895 0.050167
1 0.064717 0.265050 0.014717 0.045151
2 0.064211 0.249164 0.010526 0.011445
0 0.965789 0.571906 0.095789 0.121746
2 0.061579 0.277592 0.017895 0.046821
0 0.058947 0.411110 0.082105 0.056856
0 0.117168 0.876254 0.121051 0.214114
2 0.172564 0.261228 0.014155 0.019681
0 0.928599 0.807540 0.160699 0.117725
