0 0.048421 0.116120 0.065261 0.050167
0 0.441579 0.468227 0.118947 0.066890
0 0.905789 0.519211 0.114717 0.081940
0 0.040526 0.201505 0.028421 0.011771
0 0.057168 0.161880 0.041158 0.010100
0 0.110526 0.177258 0.011684 0.016789
0 0.098947 0.119612 0.029474 0.015117
0 0.296116 0.188961 0.057895 0.050167
1 0.065789 0.265050 0.014717 0.045151
2 0.064211 0.245819 0.010526 0.011445
0 0.965789 0.570214 0.095789 0.121746
2 0.061684 0.279264 0.017895 0.046821
0 0.061158 0.429766 0.082105 0.056856
0 0.266842 0.880415 0.106116 0.222408
0 0.909448 0.814151 0.180682 0.125661
2 0.170482 0.260582 0.014987 0.047619
