0 0.046116 0.127759 0.065261 0.050167
0 0.440526 0.468227 0.118947 0.066890
0 0.905789 0.517559 0.114717 0.081940
0 0.018421 0.201505 0.028421 0.011771
0 0.057168 0.161880 0.041158 0.010100
0 0.110526 0.177258 0.011684 0.016789
0 0.097895 0.119612 0.029474 0.015117
0 0.296116 0.190615 0.057895 0.050167
1 0.068421 0.261178 0.017895 0.048495
2 0.062105 0.242475 0.010526 0.011445
0 0.966842 0.571906 0.095789 0.121746
2 0.070526 0.277592 0.018947 0.050167
0 0.069474 0.418060 0.077895 0.051512
0 0.124717 0.881779 0.291579 0.212175
0 0.828947 0.808528 0.180000 0.125418
2 0.165261 0.257525 0.014717 0.046821
