0 0.046116 0.122742 0.065261 0.050167
0 0.441579 0.468227 0.118947 0.066890
0 0.905789 0.519211 0.114717 0.081940
0 0.016116 0.199811 0.028421 0.011771
0 0.057168 0.161880 0.041158 0.010100
0 0.110526 0.175585 0.011684 0.016789
0 0.097895 0.119612 0.029474 0.015117
0 0.295261 0.188961 0.057895 0.050167
1 0.068421 0.266722 0.017895 0.048495
2 0.061051 0.240801 0.010526 0.011445
0 0.965789 0.571906 0.095789 0.121746
2 0.074717 0.275920 0.018947 0.050167
0 0.071684 0.409699 0.082105 0.056856
0 0.029474 0.880415 0.277895 0.202141
0 0.774211 0.805184 0.180000 0.125418
2 0.160000 0.259197 0.014717 0.046821
