0 0.044717 0.114181 0.062105 0.046821
0 0.441579 0.468227 0.118947 0.066890
0 0.904717 0.519211 0.114717 0.081940
0 0.014717 0.197124 0.027168 0.010100
0 0.056116 0.161880 0.041158 0.010100
0 0.110526 0.177258 0.011684 0.016789
0 0.098947 0.119612 0.029474 0.015117
0 0.295261 0.187291 0.057895 0.050167
1 0.062612 0.255017 0.016842 0.048495
2 0.060000 0.214950 0.010526 0.011771
0 0.965789 0.571579 0.095789 0.121746
2 0.082105 0.275920 0.018947 0.050167
0 0.692105 0.798495 0.180000 0.125418
2 0.155261 0.258161 0.011684 0.045151
0 0.070000 0.404682 0.062105 0.071579
