0 0.041158 0.111871 0.058947 0.045151
0 0.441579 0.468227 0.118947 0.066890
0 0.905789 0.519211 0.114717 0.081940
0 0.011684 0.197124 0.027168 0.010100
0 0.056116 0.161880 0.041158 0.010100
0 0.110526 0.177258 0.011684 0.016789
0 0.097895 0.119612 0.029474 0.015117
0 0.295261 0.188961 0.057895 0.050167
1 0.061579 0.260011 0.016842 0.048495
2 0.057895 0.211278 0.010526 0.011771
0 0.965789 0.571579 0.095789 0.121746
2 0.081684 0.276756 0.020000 0.051819
0 0.666842 0.791478 0.171579 0.118729
2 0.151158 0.258161 0.011684 0.045151
0 0.069474 0.401846 0.065261 0.078595
