0 0.041158 0.105184 0.058947 0.045151
0 0.441579 0.468227 0.118947 0.066890
0 0.904717 0.517559 0.114717 0.081940
0 0.011158 0.194816 0.026116 0.028428
0 0.056116 0.161880 0.041158 0.010100
0 0.111579 0.175585 0.011684 0.016789
0 0.097895 0.119612 0.029474 0.015117
0 0.296116 0.188961 0.057895 0.050167
1 0.060526 0.260011 0.016842 0.048495
2 0.055789 0.229097 0.010526 0.011445
0 0.965789 0.571906 0.095789 0.121746
2 0.088947 0.272575 0.022105 0.056856
0 0.582612 0.781445 0.171579 0.118729
2 0.148421 0.255851 0.014717 0.046821
0 0.075261 0.191104 0.062105 0.071579
