0 0.041158 0.100167 0.058947 0.045151
0 0.441579 0.468227 0.118947 0.066890
0 0.905789 0.519211 0.114717 0.081940
0 0.010526 0.196488 0.025261 0.028428
0 0.056116 0.161880 0.041158 0.010100
0 0.111579 0.178094 0.015789 0.018462
0 0.098947 0.119612 0.029474 0.015117
0 0.296116 0.190615 0.057895 0.050167
1 0.058421 0.260011 0.016842 0.048495
2 0.054717 0.227425 0.010526 0.011445
0 0.965789 0.571906 0.095789 0.121746
2 0.094211 0.272575 0.022105 0.056856
0 0.510000 0.779264 0.161158 0.111712
2 0.146116 0.255851 0.014717 0.046821
0 0.075261 0.184615 0.062105 0.071579
