0 0.041051 0.287625 0.056842 0.041478
0 0.441579 0.468227 0.118947 0.066890
0 0.905789 0.519211 0.114717 0.081940
0 0.056116 0.161880 0.041158 0.010100
0 0.110526 0.177258 0.011684 0.016789
0 0.097895 0.141104 0.029474 0.015117
0 0.295261 0.188961 0.057895 0.050167
1 0.056116 0.256689 0.016842 0.048495
2 0.052612 0.220716 0.010526 0.011445
0 0.966842 0.571906 0.095789 0.121746
2 0.101158 0.271719 0.021051 0.055184
0 0.408947 0.769211 0.161158 0.111712
2 0.118947 0.255017 0.014717 0.048495
0 0.080000 0.169565 0.056842 0.066890
0 0.027168 0.460702 0.084211 0.068562
