0 0.042105 0.282609 0.056842 0.041478
0 0.441579 0.468227 0.118947 0.066890
0 0.905789 0.519211 0.114717 0.081940
0 0.056116 0.161880 0.041158 0.010100
0 0.110526 0.177258 0.011684 0.016789
0 0.097895 0.141104 0.029474 0.015117
0 0.295261 0.188961 0.057895 0.050167
1 0.055261 0.251144 0.016842 0.048495
2 0.052612 0.222408 0.010526 0.011445
0 0.965789 0.571906 0.095789 0.121746
2 0.107168 0.271411 0.021051 0.055184
0 0.151158 0.765886 0.161158 0.111712
2 0.116842 0.256689 0.014717 0.048495
0 0.079474 0.162876 0.051684 0.061545
0 0.017895 0.450669 0.084211 0.068562
0 0.016116 0.194816 0.014717 0.018462
