0 0.042105 0.279264 0.056842 0.041478
0 0.441579 0.468227 0.118947 0.066890
0 0.905789 0.519211 0.114717 0.081940
0 0.056116 0.161880 0.041158 0.010100
0 0.129474 0.177258 0.011684 0.016789
0 0.098947 0.141104 0.029474 0.015117
0 0.295261 0.188961 0.057895 0.050167
1 0.054211 0.248128 0.016842 0.048495
2 0.051579 0.220716 0.010526 0.011445
0 0.966842 0.571906 0.095789 0.121746
2 0.111579 0.270067 0.021051 0.055184
0 0.296842 0.761706 0.170526 0.118729
2 0.111684 0.255017 0.014717 0.048495
0 0.080526 0.157860 0.051684 0.061545
0 0.041147 0.441610 0.084211 0.068562
0 0.016116 0.194816 0.014717 0.018462
