0 0.042105 0.277592 0.056842 0.041478
0 0.441579 0.468227 0.118947 0.066890
0 0.904717 0.517559 0.114717 0.081940
0 0.056116 0.164716 0.045261 0.011771
0 0.111579 0.175585 0.011684 0.016789
0 0.098947 0.141104 0.029474 0.015117
0 0.296116 0.187291 0.057895 0.050167
1 0.055261 0.246656 0.016842 0.048495
2 0.050526 0.217191 0.010526 0.011445
0 0.966842 0.571906 0.095789 0.121746
2 0.114211 0.269211 0.022105 0.056856
0 0.268421 0.761706 0.170526 0.118729
2 0.111579 0.251144 0.014717 0.048495
0 0.082105 0.152841 0.056842 0.066890
0 0.042027 0.442582 0.084211 0.068562
0 0.014211 0.191144 0.014717 0.018462
