0 0.041051 0.265886 0.056842 0.041478
0 0.440526 0.468227 0.118947 0.066890
0 0.905789 0.519211 0.114717 0.081940
0 0.056116 0.161880 0.041158 0.010100
0 0.110526 0.178094 0.015789 0.018462
0 0.097895 0.119612 0.029474 0.015117
0 0.295261 0.187291 0.057895 0.050167
1 0.051579 0.242475 0.011684 0.041478
2 0.048421 0.214881 0.010526 0.011771
0 0.965789 0.571906 0.095789 0.121746
2 0.118421 0.271719 0.020000 0.051819
0 0.150526 0.756689 0.170526 0.118729
2 0.126116 0.255851 0.014717 0.046821
0 0.082612 0.142809 0.051684 0.061545
0 0.057895 0.425585 0.084211 0.068562
0 0.007895 0.191980 0.012612 0.016789
0 0.016161 0.174170 0.012612 0.058528
