0 0.041051 0.260870 0.056842 0.041478
0 0.441579 0.466555 0.118947 0.066890
0 0.904717 0.519211 0.114717 0.081940
0 0.055261 0.162207 0.041158 0.010100
0 0.128421 0.178094 0.015789 0.018462
0 0.096842 0.119612 0.029474 0.015117
0 0.295261 0.187291 0.057895 0.050167
1 0.050526 0.219110 0.011684 0.041478
2 0.047168 0.209866 0.010526 0.011771
0 0.965789 0.570214 0.095789 0.121746
2 0.121051 0.270067 0.018947 0.048495
0 0.089474 0.755017 0.170526 0.118729
2 0.121158 0.251144 0.014717 0.048495
0 0.081579 0.119465 0.051684 0.061545
0 0.064211 0.418896 0.080000 0.065217
0 0.005789 0.191980 0.012612 0.016789
0 0.018421 0.168729 0.012612 0.058528
