0 0.041051 0.257525 0.056842 0.041478
0 0.441579 0.466555 0.118947 0.066890
0 0.904717 0.519211 0.114717 0.081940
0 0.055261 0.162207 0.041158 0.010100
0 0.128421 0.178094 0.015789 0.018462
0 0.097895 0.119612 0.029474 0.015117
0 0.295261 0.185619 0.057895 0.050167
1 0.048421 0.214114 0.011579 0.040114
2 0.045789 0.207158 0.011579 0.011445
0 0.965789 0.570214 0.095789 0.121746
0 0.012612 0.756689 0.170526 0.118729
2 0.121684 0.259197 0.015789 0.050167
0 0.081579 0.114448 0.051684 0.061545
0 0.068421 0.411880 0.080000 0.065217
0 0.004717 0.190615 0.012612 0.016789
0 0.018947 0.162040 0.011684 0.061871
2 0.941586 0.298280 0.014155 0.018160
1 0.941586 0.108201 0.017469 0.017017
