0 0.041051 0.255851 0.056842 0.041478
0 0.441579 0.466555 0.118947 0.066890
0 0.904717 0.519211 0.114717 0.081940
0 0.056116 0.160515 0.045261 0.010100
0 0.128421 0.178094 0.015789 0.018462
0 0.097895 0.119612 0.029474 0.015117
0 0.295261 0.185619 0.057895 0.050167
1 0.048421 0.215786 0.011579 0.040114
2 0.046116 0.208194 0.010526 0.011771
0 0.965789 0.570214 0.095789 0.121746
0 -0.001051 0.756689 0.170526 0.118729
2 0.125261 0.257525 0.016842 0.051512
0 0.081579 0.112776 0.051684 0.061545
0 0.069474 0.410515 0.075789 0.061871
0 0.004717 0.192108 0.012612 0.016789
2 0.947895 0.299111 0.011684 0.016789
1 0.948947 0.106856 0.014717 0.015117
0 0.018942 0.159788 0.018101 0.079165
