0 0.041051 0.244147 0.056842 0.041478
0 0.440526 0.468227 0.118947 0.066890
0 0.904717 0.519211 0.114717 0.081940
0 0.055261 0.160515 0.041158 0.010100
0 0.129474 0.176421 0.015789 0.018462
0 0.097895 0.117960 0.029474 0.015117
0 0.295261 0.181946 0.057895 0.050167
1 0.045261 0.225751 0.011579 0.040114
2 0.041051 0.204849 0.010526 0.011771
0 0.964717 0.570214 0.095789 0.121746
0 0.081051 0.117726 0.050526 0.060201
0 0.080526 0.188796 0.072612 0.058528
2 0.976842 0.116054 0.014717 0.040114
1 0.977168 0.121906 0.014717 0.015117
0 0.024211 0.141971 0.017895 0.078595
2 0.117168 0.261706 0.011684 0.051819
0 0.960000 0.825251 0.098947 0.155518
