0 0.041051 0.240801 0.056842 0.041478
0 0.440526 0.468227 0.118947 0.066890
0 0.904717 0.519211 0.114717 0.081940
0 0.056116 0.161171 0.041051 0.028428
0 0.129474 0.176421 0.015789 0.018462
0 0.097895 0.117960 0.029474 0.015117
0 0.295261 0.181946 0.057895 0.050167
1 0.044211 0.224080 0.011579 0.040114
2 0.041051 0.201177 0.010526 0.011771
0 0.964717 0.570214 0.095789 0.121746
0 0.080000 0.117726 0.050526 0.060201
0 0.082612 0.187124 0.072612 0.058528
2 0.980526 0.117726 0.011684 0.016789
1 0.980526 0.121579 0.014717 0.015117
0 0.024211 0.118629 0.017895 0.078595
2 0.119474 0.261706 0.011684 0.051819
0 0.948582 0.820767 0.112189 0.152116
