0 0.041051 0.219110 0.056842 0.041478
0 0.440526 0.468227 0.118947 0.066890
0 0.904717 0.520901 0.114717 0.081940
0 0.056116 0.160515 0.041158 0.010100
0 0.129474 0.176421 0.015789 0.018462
0 0.097895 0.117960 0.029474 0.015117
0 0.295261 0.181946 0.057895 0.050167
1 0.041158 0.220716 0.011579 0.040114
2 0.019474 0.200669 0.011579 0.011445
0 0.964717 0.570214 0.095789 0.121746
0 0.080000 0.114181 0.050526 0.060201
0 0.081684 0.180415 0.068421 0.055184
2 0.984717 0.117726 0.011684 0.016789
1 0.985789 0.128595 0.014717 0.015117
0 0.025261 0.117791 0.015789 0.071579
2 0.140526 0.261706 0.011684 0.051819
0 0.914427 0.821429 0.162164 0.140212
