0 0.040000 0.217458 0.056842 0.041478
0 0.440526 0.468227 0.118947 0.066890
0 0.904717 0.520901 0.114717 0.081940
0 0.056116 0.160515 0.041158 0.010100
0 0.129474 0.176421 0.015789 0.018462
0 0.097895 0.117960 0.029474 0.015117
0 0.295261 0.181946 0.057895 0.050167
1 0.042105 0.222408 0.011579 0.040114
2 0.018947 0.201505 0.010526 0.011771
0 0.965789 0.571906 0.095789 0.121746
0 0.081051 0.114181 0.050526 0.060201
0 0.084717 0.178761 0.068421 0.055184
2 0.989474 0.121070 0.014717 0.040114
1 0.991579 0.129411 0.011684 0.011445
0 0.027168 0.112776 0.015789 0.071579
2 0.142612 0.261706 0.011684 0.051819
0 0.917158 0.825197 0.188176 0.164021
