0 0.041051 0.211278 0.050526 0.018462
0 0.440526 0.468227 0.118947 0.066890
0 0.904717 0.519211 0.114717 0.081940
0 0.056116 0.160515 0.041158 0.010100
0 0.129474 0.176421 0.015789 0.018462
0 0.097895 0.117960 0.029474 0.015117
0 0.295261 0.187291 0.057895 0.050167
1 0.017895 0.220716 0.011579 0.040114
2 0.015789 0.199811 0.010526 0.011771
0 0.964717 0.571906 0.095789 0.121746
0 0.080000 0.107692 0.050526 0.060201
0 0.085789 0.172074 0.068421 0.055184
0 0.029474 0.126087 0.015789 0.071579
2 0.147895 0.260011 0.011684 0.051819
0 0.850526 0.822742 0.195789 0.170569
2 0.105261 0.257525 0.021051 0.056856
0 0.007895 0.480769 0.085261 0.065217
