0 0.041051 0.211605 0.050526 0.018462
0 0.440526 0.468227 0.118947 0.066890
0 0.904717 0.517559 0.114717 0.081940
0 0.056116 0.160515 0.041158 0.010100
0 0.129474 0.176421 0.015789 0.018462
0 0.097895 0.119612 0.029474 0.015117
0 0.295261 0.187291 0.057895 0.050167
1 0.016842 0.217191 0.011579 0.040114
2 0.014717 0.199811 0.010526 0.011771
0 0.964717 0.571906 0.095789 0.121746
0 0.080000 0.106020 0.050526 0.060201
0 0.087895 0.170401 0.068421 0.055184
0 0.028421 0.122742 0.015789 0.071579
2 0.150000 0.260011 0.011684 0.051819
0 0.822105 0.821070 0.195789 0.170569
2 0.104211 0.257525 0.021051 0.056856
0 0.008947 0.479097 0.085261 0.065217
