0 0.042105 0.229911 0.050526 0.018462
0 0.440526 0.468227 0.118947 0.066890
0 0.904717 0.517559 0.114717 0.081940
0 0.055261 0.160515 0.041158 0.010100
0 0.129474 0.178094 0.015789 0.018462
0 0.097895 0.119612 0.029474 0.015117
0 0.295261 0.187291 0.057895 0.050167
1 0.014717 0.217191 0.011579 0.040114
2 0.014211 0.200669 0.009474 0.010100
0 0.964717 0.571906 0.095789 0.121746
0 0.080000 0.107692 0.050526 0.060201
0 0.087895 0.168729 0.068421 0.055184
0 0.029474 0.122742 0.011684 0.070214
2 0.150000 0.260011 0.011684 0.051819
0 0.820000 0.817726 0.195789 0.170569
2 0.101684 0.256689 0.022105 0.058528
0 0.011051 0.477425 0.089474 0.068562
