0 0.041051 0.228261 0.050526 0.018462
0 0.419474 0.468227 0.118947 0.066890
0 0.904717 0.517559 0.114717 0.081940
0 0.056116 0.159699 0.041051 0.028428
0 0.129474 0.178094 0.015789 0.018462
0 0.096842 0.119612 0.029474 0.015117
0 0.295261 0.185619 0.057895 0.050167
1 0.014717 0.217191 0.011579 0.040114
2 0.011158 0.200669 0.009474 0.010100
0 0.964717 0.570214 0.095789 0.121746
0 0.081051 0.106020 0.050526 0.060201
0 0.088947 0.167057 0.068421 0.055184
0 0.029474 0.119198 0.011684 0.070214
2 0.151051 0.260011 0.011684 0.051819
0 0.789474 0.821070 0.195789 0.170569
2 0.102612 0.256689 0.022105 0.058528
0 0.010000 0.479097 0.089474 0.068562
