0 0.042105 0.226589 0.050526 0.018462
0 0.440526 0.468227 0.118947 0.066890
0 0.904717 0.517559 0.114717 0.081940
0 0.056116 0.161171 0.041051 0.028428
0 0.110526 0.178094 0.015789 0.018462
0 0.097895 0.119612 0.029474 0.015117
0 0.295261 0.185619 0.057895 0.050167
1 0.011684 0.215719 0.011579 0.040114
2 0.012105 0.198997 0.009474 0.010100
0 0.964717 0.570214 0.095789 0.121746
0 0.081051 0.106020 0.050526 0.060201
0 0.088947 0.165185 0.068421 0.055184
0 0.010526 0.117726 0.011684 0.070214
2 0.152612 0.260870 0.012612 0.050167
0 0.760000 0.819198 0.195789 0.170569
2 0.100526 0.256689 0.022105 0.058528
0 0.010000 0.477425 0.091684 0.071906
