0 0.042105 0.224916 0.050526 0.018462
0 0.440526 0.468227 0.118947 0.066890
0 0.904717 0.517559 0.114717 0.081940
0 0.056116 0.162207 0.041158 0.010100
0 0.128947 0.175585 0.016842 0.040114
0 0.097895 0.117960 0.029474 0.015117
0 0.295261 0.185619 0.057895 0.050167
1 0.028421 0.217191 0.011579 0.040114
2 0.029474 0.199811 0.010526 0.011771
0 0.964717 0.570214 0.095789 0.121746
0 0.081051 0.102676 0.050526 0.060201
0 0.091051 0.160168 0.068421 0.055184
0 0.010526 0.112709 0.015789 0.071579
2 0.156842 0.260870 0.012612 0.050167
0 0.700000 0.816054 0.195789 0.170569
2 0.097168 0.256689 0.022105 0.058528
0 0.016116 0.459010 0.091684 0.071906
