0 0.042105 0.221244 0.050526 0.018462
0 0.419474 0.468227 0.118947 0.066890
0 0.904717 0.517559 0.114717 0.081940
0 0.056116 0.162207 0.041158 0.010100
0 0.129474 0.176421 0.015789 0.018462
0 0.096842 0.117960 0.029474 0.015117
0 0.295261 0.185619 0.057895 0.050167
1 0.027168 0.215719 0.011684 0.041478
2 0.027168 0.199811 0.010526 0.011771
0 0.965789 0.570214 0.095789 0.121746
0 0.080000 0.101001 0.048421 0.056856
0 0.091051 0.155151 0.068421 0.055184
0 0.010526 0.111017 0.015789 0.071579
2 0.158947 0.260870 0.012612 0.050167
0 0.667168 0.819198 0.195789 0.170569
2 0.095789 0.257525 0.021051 0.056856
0 0.042612 0.455686 0.091684 0.071906
