0 0.042105 0.220716 0.048421 0.016789
0 0.440526 0.466555 0.112612 0.061545
0 0.901684 0.517559 0.114717 0.081940
0 0.055261 0.162207 0.041158 0.010100
0 0.110526 0.176421 0.015789 0.018462
0 0.096842 0.117960 0.029474 0.015117
0 0.295261 0.185619 0.057895 0.050167
1 0.024211 0.217191 0.011684 0.041478
0 0.964717 0.570214 0.095789 0.121746
0 0.080000 0.299111 0.048421 0.056856
0 0.090526 0.151171 0.065261 0.051512
0 0.010526 0.106020 0.015789 0.071579
2 0.161579 0.260011 0.011684 0.051819
0 0.608421 0.817726 0.195789 0.170569
2 0.094717 0.255851 0.021051 0.056856
0 0.054717 0.446488 0.088421 0.066890
