0 0.041051 0.219900 0.050526 0.018462
0 0.440526 0.466555 0.118947 0.066890
0 0.901684 0.517559 0.114717 0.081940
0 0.056116 0.160515 0.045261 0.010100
0 0.110526 0.176421 0.015789 0.018462
0 0.096842 0.117960 0.029474 0.015117
0 0.295261 0.185619 0.057895 0.050167
1 0.021684 0.216555 0.014717 0.045151
0 0.964717 0.571906 0.095789 0.121746
0 0.080000 0.297659 0.048421 0.056856
0 0.091579 0.151171 0.065261 0.051512
0 0.010526 0.106020 0.015789 0.071579
2 0.162612 0.260011 0.011684 0.051819
0 0.607168 0.817726 0.195789 0.170569
2 0.091684 0.257525 0.021051 0.056856
0 0.055789 0.441144 0.088421 0.066890
