0 0.042105 0.221572 0.050526 0.018462
0 0.440526 0.466555 0.118947 0.066890
0 0.901684 0.517559 0.114717 0.081940
0 0.056116 0.160515 0.041158 0.010100
0 0.128421 0.176421 0.015789 0.018462
0 0.097895 0.119612 0.029474 0.015117
0 0.295261 0.185619 0.057895 0.050167
1 0.021579 0.211211 0.014717 0.045151
0 0.965789 0.571906 0.095789 0.121746
0 0.080000 0.299111 0.050526 0.060201
0 0.091579 0.149498 0.065261 0.051512
0 0.010526 0.104148 0.015789 0.071579
2 0.162612 0.260011 0.011684 0.055184
0 0.571684 0.819198 0.195789 0.170569
2 0.092612 0.255851 0.021051 0.056856
0 0.058947 0.419799 0.088421 0.066890
