0 0.042105 0.218227 0.046116 0.015117
0 0.440526 0.466555 0.118947 0.066890
0 0.901684 0.519211 0.114717 0.081940
0 0.055261 0.160515 0.041158 0.010100
0 0.128421 0.176421 0.015789 0.018462
0 0.097895 0.119612 0.029474 0.015117
0 0.295261 0.185619 0.057895 0.050167
1 0.018421 0.211518 0.014717 0.045151
0 0.965789 0.571906 0.095789 0.121746
0 0.078947 0.299111 0.050526 0.060201
0 0.092612 0.146154 0.065261 0.051512
0 0.011579 0.101001 0.011684 0.070214
2 0.165789 0.258161 0.011684 0.051819
0 0.551158 0.814181 0.194717 0.170569
0 0.061158 0.412274 0.084211 0.065217
2 0.090526 0.257525 0.016842 0.050167
