0 0.042105 0.215719 0.048421 0.016789
0 0.419474 0.466555 0.118947 0.066890
0 0.904717 0.519211 0.114717 0.081940
0 0.056116 0.160515 0.041158 0.010100
0 0.128421 0.176421 0.015789 0.018462
0 0.097895 0.117960 0.029474 0.015117
0 0.295261 0.185619 0.057895 0.050167
1 0.014211 0.209866 0.014717 0.045151
0 0.964717 0.571906 0.095789 0.121746
0 0.080000 0.295987 0.050526 0.060201
0 0.091579 0.142809 0.065261 0.051512
0 0.010526 0.299111 0.011684 0.070214
2 0.168421 0.257525 0.012612 0.050167
0 0.494211 0.809165 0.194717 0.170569
0 0.069474 0.425585 0.080000 0.061871
2 0.088421 0.257525 0.016842 0.050167
