0 0.042105 0.215719 0.048421 0.016789
0 0.440526 0.466555 0.118947 0.066890
0 0.904717 0.519211 0.114717 0.081940
0 0.056116 0.160515 0.041158 0.010100
0 0.128421 0.176421 0.015789 0.018462
0 0.097895 0.117960 0.029474 0.015117
0 0.296116 0.185619 0.057895 0.050167
1 0.011051 0.211518 0.014717 0.045151
0 0.965789 0.570214 0.095789 0.121746
0 0.078947 0.295987 0.050526 0.060201
0 0.091579 0.141117 0.065261 0.051512
0 0.010526 0.294114 0.015789 0.071579
2 0.170526 0.257525 0.012612 0.050167
0 0.462612 0.811017 0.194717 0.170569
0 0.070526 0.421911 0.084211 0.065217
2 0.086116 0.257525 0.016842 0.050167
0 0.018110 0.181598 0.016616 0.082011
