0 0.042105 0.214047 0.048421 0.016789
0 0.440526 0.466555 0.118947 0.066890
0 0.904717 0.519211 0.114717 0.081940
0 0.056116 0.160515 0.041158 0.010100
0 0.128421 0.176421 0.015789 0.018462
0 0.096842 0.117960 0.029474 0.015117
0 0.296116 0.185619 0.057895 0.050167
0 0.965789 0.570214 0.095789 0.121746
0 0.080000 0.295987 0.050526 0.060201
0 0.092612 0.117791 0.065261 0.051512
0 0.010526 0.294114 0.015789 0.071579
2 0.171579 0.259197 0.012612 0.050167
0 0.410000 0.811871 0.205261 0.178910
0 0.071579 0.418060 0.088421 0.066890
2 0.084717 0.258161 0.015789 0.048495
0 0.017895 0.180415 0.015789 0.081940
