0 0.042105 0.214047 0.048421 0.016789
0 0.440526 0.466555 0.118947 0.066890
0 0.904717 0.519211 0.114717 0.081940
0 0.056116 0.160515 0.045261 0.010100
0 0.128421 0.176421 0.015789 0.018462
0 0.096842 0.117960 0.029474 0.015117
0 0.296116 0.181946 0.057895 0.050167
0 0.965789 0.570214 0.095789 0.121746
0 0.078947 0.295987 0.050526 0.060201
0 0.092105 0.116120 0.062105 0.050167
0 0.010526 0.294114 0.011684 0.070214
0 0.198421 0.815217 0.205261 0.178910
0 0.071579 0.414716 0.088421 0.066890
2 0.081684 0.256689 0.015789 0.048495
0 0.018947 0.178761 0.015789 0.081940
2 0.176727 0.266514 0.017485 0.041651
2 0.162989 0.264550 0.011122 0.050265
