0 0.042105 0.210702 0.048421 0.016789
0 0.419474 0.466555 0.118947 0.066890
0 0.904717 0.520901 0.114717 0.081940
0 0.055261 0.160515 0.041158 0.010100
0 0.129474 0.176421 0.015789 0.018462
0 0.096842 0.119612 0.029474 0.015117
0 0.296116 0.181946 0.057895 0.050167
0 0.964717 0.570214 0.095789 0.121746
0 0.078947 0.292642 0.050526 0.060201
0 0.092105 0.112776 0.062105 0.050167
0 0.010526 0.290970 0.011684 0.070214
0 0.110000 0.816054 0.215789 0.187291
0 0.076842 0.408027 0.088421 0.066890
2 0.080526 0.258161 0.015789 0.048495
0 0.022612 0.174582 0.014717 0.076921
2 0.177895 0.265886 0.016842 0.041478
2 0.164211 0.264214 0.012612 0.050167
