0 0.018947 0.201177 0.042105 0.011771
0 0.440526 0.466555 0.118947 0.066890
0 0.901684 0.519211 0.114717 0.081940
0 0.056116 0.160515 0.041158 0.010100
0 0.128947 0.175585 0.016842 0.040114
0 0.097895 0.119612 0.029474 0.015117
0 0.295261 0.184781 0.060000 0.051819
0 0.964717 0.571906 0.095789 0.121746
0 0.078947 0.290970 0.048421 0.056856
0 0.092105 0.122742 0.062105 0.050167
0 0.010526 0.284281 0.015789 0.071579
0 0.059474 0.822742 0.215789 0.187291
0 0.081158 0.178761 0.084211 0.065217
2 0.061684 0.258161 0.015789 0.048495
2 0.174717 0.264214 0.012612 0.050167
0 0.911511 0.826058 0.191172 0.186508
0 0.021857 0.162414 0.040799 0.076720
