0 0.014717 0.199811 0.042105 0.011771
0 0.419474 0.466555 0.118947 0.066890
0 0.904717 0.519211 0.114717 0.081940
0 0.055261 0.160515 0.041158 0.010100
0 0.110526 0.178094 0.015789 0.018462
0 0.097895 0.119612 0.029474 0.015117
0 0.295261 0.184781 0.060000 0.051819
0 0.965789 0.570214 0.095789 0.121746
0 0.078947 0.289298 0.048421 0.056856
0 0.092105 0.117726 0.062105 0.050167
0 0.010526 0.280916 0.011684 0.070214
0 0.086116 0.171217 0.069474 0.051512
2 0.054717 0.259197 0.014717 0.041478
0 0.021158 0.152841 0.042105 0.080268
0 0.841051 0.820214 0.254717 0.165552
