0 0.011684 0.199811 0.042105 0.011771
0 0.440526 0.466555 0.118947 0.066890
0 0.901684 0.519211 0.114717 0.081940
0 0.056116 0.160515 0.041158 0.010100
0 0.110526 0.176421 0.015789 0.018462
0 0.097895 0.119612 0.029474 0.015117
0 0.295261 0.184781 0.060000 0.051819
0 0.965789 0.570214 0.095789 0.121746
0 0.080000 0.289298 0.048421 0.056856
0 0.091051 0.116054 0.062105 0.050167
0 0.011579 0.279264 0.011684 0.070214
0 0.085261 0.167891 0.069474 0.051512
2 0.052105 0.258161 0.015789 0.045151
0 0.024211 0.152841 0.042105 0.080268
0 0.804211 0.820214 0.254717 0.165552
