0 0.011579 0.196488 0.042105 0.011771
0 0.440526 0.466555 0.118947 0.066890
0 0.901684 0.519211 0.114717 0.081940
0 0.056116 0.160515 0.045261 0.010100
0 0.129474 0.176421 0.015789 0.018462
0 0.096842 0.117960 0.029474 0.015117
0 0.295261 0.184781 0.060000 0.051819
0 0.964717 0.570214 0.095789 0.121746
0 0.078947 0.287625 0.048421 0.056856
0 0.091051 0.116054 0.062105 0.050167
0 0.010526 0.280916 0.011684 0.070214
0 0.085261 0.167891 0.069474 0.051512
2 0.047895 0.256689 0.015789 0.048495
0 0.024211 0.149498 0.042105 0.080268
0 0.769474 0.819198 0.267168 0.171911
