0 0.026116 0.196488 0.046116 0.015117
0 0.440526 0.466555 0.118947 0.066890
0 0.901684 0.519211 0.114717 0.081940
0 0.056116 0.160515 0.041158 0.010100
0 0.129474 0.178094 0.015789 0.018462
0 0.097895 0.117960 0.029474 0.015117
0 0.295261 0.184781 0.060000 0.051819
0 0.964717 0.571906 0.095789 0.121746
0 0.078947 0.285951 0.048421 0.056856
0 0.091579 0.111545 0.058947 0.048495
0 0.011579 0.277592 0.011684 0.070214
0 0.087168 0.161204 0.069474 0.051512
2 0.017895 0.257525 0.018947 0.056856
0 0.026116 0.142809 0.042105 0.080268
0 0.615789 0.821906 0.280000 0.182274
