0 0.020000 0.191144 0.046116 0.015117
0 0.440526 0.466555 0.118947 0.066890
0 0.901684 0.519211 0.114717 0.081940
0 0.056116 0.160515 0.041158 0.010100
0 0.129474 0.176421 0.015789 0.018462
0 0.096842 0.119612 0.029474 0.015117
0 0.295261 0.184781 0.060000 0.051819
0 0.964717 0.571906 0.095789 0.121746
0 0.078947 0.284281 0.048421 0.056856
0 0.091051 0.109165 0.062105 0.050167
0 0.011579 0.274247 0.011684 0.070214
0 0.087895 0.156187 0.066116 0.050167
2 0.027895 0.255851 0.017895 0.051512
0 0.027168 0.117791 0.042105 0.080268
0 0.516842 0.818562 0.294717 0.192108
