0 0.018947 0.191980 0.044211 0.011445
0 0.440526 0.466555 0.118947 0.066890
0 0.901684 0.519211 0.114717 0.081940
0 0.056116 0.160515 0.041158 0.010100
0 0.129474 0.176421 0.015789 0.018462
0 0.096842 0.119612 0.029474 0.015117
0 0.295261 0.184781 0.060000 0.051819
0 0.964717 0.571906 0.095789 0.121746
0 0.080000 0.284281 0.048421 0.056856
0 0.092105 0.109165 0.062105 0.050167
0 0.010526 0.274247 0.011684 0.070214
0 0.087895 0.156187 0.066116 0.050167
2 0.021684 0.255851 0.017895 0.051512
0 0.027168 0.114448 0.042105 0.080268
0 0.490526 0.820214 0.280000 0.182274
0 0.991544 0.826058 0.087427 0.125661
0 0.018110 0.400794 0.061280 0.068781
