0 0.017895 0.191980 0.044211 0.011445
0 0.440526 0.466555 0.118947 0.066890
0 0.901684 0.519211 0.114717 0.081940
0 0.056116 0.160515 0.045261 0.010100
0 0.110526 0.176421 0.015789 0.018462
0 0.096842 0.119612 0.029474 0.015117
0 0.295261 0.184781 0.060000 0.051819
0 0.964717 0.571906 0.095789 0.121746
0 0.078947 0.284281 0.048421 0.056856
0 0.091051 0.107692 0.062105 0.050167
0 0.011579 0.272575 0.011684 0.070214
0 0.087895 0.156187 0.066116 0.050167
2 0.021158 0.254181 0.016842 0.050167
0 0.027168 0.115284 0.040000 0.075251
0 0.488421 0.820214 0.280000 0.182274
0 0.991158 0.825251 0.087168 0.125418
0 0.017895 0.400502 0.061158 0.068562
