0 0.015789 0.192108 0.044211 0.011445
0 0.440526 0.466555 0.118947 0.066890
0 0.904717 0.519211 0.114717 0.081940
0 0.056116 0.160515 0.041158 0.010100
0 0.128421 0.176421 0.015789 0.018462
0 0.096842 0.119612 0.029474 0.015117
0 0.295261 0.184781 0.060000 0.051819
0 0.961684 0.571906 0.095789 0.121746
0 0.080000 0.284281 0.048421 0.056856
0 0.091579 0.108528 0.058947 0.048495
0 0.011579 0.274247 0.011684 0.070214
0 0.087895 0.154515 0.066116 0.050167
2 0.020000 0.254181 0.016842 0.050167
0 0.028421 0.115284 0.040000 0.075251
0 0.451579 0.815217 0.280000 0.182274
0 0.018947 0.198829 0.061158 0.068562
0 0.960655 0.812011 0.089925 0.151419
