0 0.014717 0.190615 0.044211 0.011445
0 0.419474 0.466555 0.118947 0.066890
0 0.904717 0.519211 0.114717 0.081940
0 0.056116 0.160515 0.041158 0.010100
0 0.128421 0.176421 0.015789 0.018462
0 0.098947 0.119612 0.029474 0.015117
0 0.295261 0.184781 0.060000 0.051819
0 0.961684 0.570214 0.095789 0.121746
0 0.078947 0.282609 0.048421 0.056856
0 0.091579 0.106856 0.058947 0.048495
0 0.011579 0.272575 0.011684 0.070214
0 0.087895 0.152841 0.066116 0.050167
2 0.017895 0.255851 0.016842 0.050167
0 0.029474 0.111940 0.040000 0.075251
0 0.418947 0.820214 0.280000 0.182274
0 0.018421 0.197157 0.066116 0.071906
0 0.940672 0.824715 0.111557 0.144180
