0 0.011579 0.190615 0.044211 0.011445
0 0.440526 0.466555 0.118947 0.066890
0 0.904717 0.519211 0.114717 0.081940
0 0.056116 0.160515 0.041158 0.010100
0 0.129474 0.178094 0.015789 0.018462
0 0.097895 0.117960 0.029474 0.015117
0 0.296116 0.184781 0.060000 0.051819
0 0.961684 0.570214 0.095789 0.121746
0 0.080000 0.280916 0.048421 0.056856
0 0.090526 0.106856 0.058947 0.048495
0 0.012612 0.272575 0.011684 0.070214
0 0.088947 0.151171 0.066116 0.050167
2 0.012105 0.258161 0.015789 0.048495
0 0.029474 0.111940 0.040000 0.075251
0 0.184211 0.826921 0.280000 0.182274
0 0.020526 0.191811 0.066116 0.071906
0 0.925789 0.824415 0.161051 0.157191
