0 0.009474 0.189799 0.046116 0.015117
0 0.440526 0.466555 0.118947 0.066890
0 0.904717 0.519211 0.114717 0.081940
0 0.055261 0.160515 0.041158 0.010100
0 0.129474 0.178094 0.015789 0.018462
0 0.097895 0.117960 0.029474 0.015117
0 0.294211 0.181110 0.060000 0.051819
0 0.961684 0.571579 0.095789 0.121746
0 0.078947 0.282609 0.048421 0.056856
0 0.091579 0.106856 0.058947 0.048495
0 0.012612 0.269211 0.011684 0.070214
0 0.088947 0.152841 0.066116 0.050167
2 0.008947 0.260011 0.015789 0.048495
0 0.029474 0.128595 0.040000 0.075251
0 0.150526 0.811940 0.294717 0.192108
0 0.020526 0.192140 0.066116 0.071906
0 0.906950 0.826058 0.199000 0.162698
