0 0.440526 0.466555 0.118947 0.066890
0 0.901684 0.519211 0.114717 0.081940
0 0.056116 0.160515 0.041158 0.010100
0 0.110526 0.176421 0.015789 0.018462
0 0.096842 0.117960 0.029474 0.015117
0 0.295261 0.186455 0.060000 0.051819
0 0.964717 0.570214 0.095789 0.121746
0 0.078947 0.275920 0.048421 0.056856
0 0.092105 0.102676 0.062105 0.050167
0 0.012612 0.265886 0.011684 0.070214
0 0.088947 0.146154 0.066116 0.050167
0 0.010526 0.125251 0.040000 0.075251
0 0.197895 0.846990 0.294717 0.192108
0 0.021158 0.187124 0.069474 0.075251
0 0.790526 0.814181 0.208421 0.170569
