0 0.440526 0.466555 0.118947 0.066890
0 0.901684 0.519211 0.114717 0.081940
0 0.055261 0.160515 0.041158 0.010100
0 0.128421 0.176421 0.015789 0.018462
0 0.097895 0.117960 0.029474 0.015117
0 0.295261 0.186455 0.060000 0.051819
0 0.964717 0.570214 0.095789 0.121746
0 0.080000 0.277592 0.048421 0.056856
0 0.091051 0.299111 0.062105 0.050167
0 0.011684 0.265886 0.011684 0.070214
0 0.088421 0.145118 0.061158 0.048495
0 0.010526 0.121579 0.040000 0.075251
0 0.158947 0.845118 0.109474 0.202141
0 0.024211 0.181779 0.069474 0.075251
0 0.751684 0.811017 0.208421 0.170569
