0 0.440526 0.466555 0.118947 0.066890
0 0.901684 0.519211 0.114717 0.081940
0 0.056116 0.160515 0.045261 0.010100
0 0.128421 0.176421 0.015789 0.018462
0 0.097895 0.119612 0.029474 0.015117
0 0.295261 0.184781 0.060000 0.051819
0 0.964717 0.570214 0.095789 0.121746
0 0.078947 0.274247 0.048421 0.056856
0 0.091579 0.298495 0.058947 0.048495
0 0.012612 0.264214 0.011684 0.070214
0 0.089474 0.141645 0.061158 0.048495
0 0.010526 0.121906 0.040000 0.075251
0 0.088421 0.840101 0.109474 0.202141
0 0.025261 0.182107 0.069474 0.075251
0 0.681158 0.807692 0.208421 0.170569
