0 0.440526 0.466555 0.118947 0.066890
0 0.901684 0.519211 0.114717 0.081940
0 0.056116 0.160515 0.041158 0.010100
0 0.129474 0.176421 0.015789 0.018462
0 0.098947 0.119612 0.029474 0.015117
0 0.296116 0.185619 0.057895 0.050167
0 0.964717 0.570214 0.095789 0.121746
0 0.078947 0.270901 0.048421 0.056856
0 0.090526 0.298495 0.058947 0.048495
0 0.014717 0.257525 0.011684 0.070214
0 0.089474 0.140101 0.061158 0.048495
0 0.012612 0.116890 0.017895 0.071906
0 0.025261 0.177090 0.069474 0.075251
0 0.512612 0.795151 0.197895 0.162207
0 -0.015261 0.841117 0.180000 0.141811
