0 0.440526 0.466555 0.118947 0.066890
0 0.901684 0.519211 0.114717 0.081940
0 0.056116 0.162207 0.045261 0.010100
0 0.129474 0.176421 0.015789 0.018462
0 0.097895 0.119612 0.029474 0.015117
0 0.295261 0.185619 0.057895 0.050167
0 0.964717 0.570214 0.095789 0.121746
0 0.078947 0.257525 0.046116 0.051512
0 0.090526 0.291806 0.058947 0.048495
0 0.019474 0.244147 0.010526 0.061545
0 0.090526 0.111612 0.061158 0.048495
0 0.011684 0.106856 0.017895 0.071906
0 0.026116 0.164548 0.080000 0.086957
0 0.191684 0.791478 0.197895 0.162207
0 0.918174 0.115476 0.061615 0.070106
