0 0.419474 0.466555 0.118947 0.066890
0 0.901684 0.519211 0.114717 0.081940
0 0.056116 0.161171 0.041051 0.028428
0 0.129474 0.176421 0.015789 0.018462
0 0.098947 0.116288 0.029474 0.015117
0 0.295261 0.185619 0.057895 0.050167
0 0.964717 0.571579 0.095789 0.121746
0 0.079474 0.250000 0.041158 0.051819
0 0.090000 0.289298 0.051684 0.041478
0 0.040000 0.219110 0.029474 0.060201
0 0.090526 0.110268 0.061158 0.048495
0 0.014211 0.101819 0.016842 0.068562
0 0.027168 0.161712 0.084211 0.091971
0 0.015261 0.791806 0.217895 0.178910
0 0.966842 0.129411 0.064211 0.071579
