0 0.440526 0.466555 0.118947 0.066890
0 0.901684 0.519211 0.114717 0.081940
0 0.056116 0.159699 0.041051 0.028428
0 0.129474 0.176421 0.015789 0.018462
0 0.098947 0.117960 0.029474 0.015117
0 0.295261 0.185619 0.057895 0.050167
0 0.964717 0.571579 0.095789 0.121746
0 0.079474 0.250000 0.041158 0.051819
0 0.088947 0.289298 0.051684 0.041478
0 0.018947 0.219110 0.029474 0.060201
0 0.090526 0.110268 0.061158 0.048495
0 0.014211 0.101512 0.016842 0.068562
0 0.027168 0.161712 0.084211 0.091971
0 0.011579 0.792642 0.208421 0.170569
0 0.968947 0.111104 0.064211 0.071579
