0 0.440526 0.464881 0.118947 0.066890
0 0.901684 0.519211 0.114717 0.081940
0 0.056116 0.158027 0.041051 0.028428
0 0.129474 0.174749 0.015789 0.018462
0 0.097895 0.117960 0.029474 0.015117
0 0.295261 0.185619 0.057895 0.050167
0 0.964717 0.571906 0.095789 0.121746
0 0.079474 0.248128 0.041158 0.051819
0 0.087895 0.287625 0.051684 0.041478
0 0.018947 0.217458 0.029474 0.060201
0 0.090526 0.128595 0.061158 0.048495
0 0.014211 0.101819 0.016842 0.068562
0 0.010526 0.791478 0.197895 0.162207
0 0.971158 0.112776 0.064211 0.071579
0 0.028914 0.151175 0.049958 0.058201
0 0.011510 0.402778 0.042464 0.064815
