0 0.440526 0.464881 0.118947 0.066890
0 0.901684 0.519211 0.114717 0.081940
0 0.056116 0.159699 0.041051 0.028428
0 0.129474 0.176421 0.015789 0.018462
0 0.097895 0.117960 0.029474 0.015117
0 0.295261 0.185619 0.057895 0.050167
0 0.964717 0.571906 0.095789 0.121746
0 0.079474 0.219967 0.041158 0.051819
0 0.087895 0.282609 0.051684 0.041478
0 0.041051 0.210769 0.029474 0.060201
0 0.089474 0.121579 0.061158 0.048495
0 0.011684 0.296821 0.017895 0.071906
0 0.010000 0.144482 0.049474 0.056856
0 0.017895 0.191104 0.044211 0.066890
