0 0.440526 0.464881 0.118947 0.066890
0 0.902612 0.519211 0.114717 0.081940
0 0.056116 0.159699 0.041051 0.028428
0 0.129474 0.176421 0.015789 0.018462
0 0.096842 0.117960 0.029474 0.015117
0 0.295261 0.185619 0.057895 0.050167
0 0.964717 0.570214 0.095789 0.121746
0 0.079474 0.218294 0.041158 0.051819
0 0.087168 0.280916 0.050526 0.040114
0 0.041051 0.225751 0.029474 0.060201
0 0.090526 0.121906 0.061158 0.048495
0 0.011684 0.291478 0.017895 0.071906
0 0.011051 0.141117 0.049474 0.056856
0 0.021158 0.184615 0.040000 0.060201
