0 0.440526 0.464881 0.118947 0.066890
0 0.902612 0.519211 0.114717 0.081940
0 0.056116 0.158027 0.041051 0.028428
0 0.129474 0.176421 0.015789 0.018462
0 0.097895 0.117960 0.029474 0.015117
0 0.295261 0.185619 0.057895 0.050167
0 0.964717 0.570214 0.095789 0.121746
0 0.079474 0.216622 0.041158 0.051819
0 0.087168 0.279264 0.050526 0.040114
0 0.041051 0.224080 0.029474 0.060201
0 0.090000 0.121070 0.066116 0.050167
0 0.011684 0.291806 0.017895 0.071906
0 0.012105 0.119465 0.049474 0.056856
0 0.018526 0.191519 0.065778 0.080688
