0 0.441579 0.468227 0.118947 0.066890
0 0.902612 0.519211 0.114717 0.081940
0 0.056116 0.159699 0.041051 0.028428
0 0.129474 0.176421 0.015789 0.018462
0 0.097895 0.117960 0.029474 0.015117
0 0.294211 0.181946 0.057895 0.050167
0 0.964717 0.571906 0.095789 0.121746
0 0.078421 0.228261 0.041158 0.051819
0 0.086116 0.267559 0.050526 0.040114
0 0.041051 0.215719 0.027168 0.056856
0 0.090526 0.115217 0.061158 0.048495
0 0.015261 0.285117 0.014717 0.065217
0 0.014211 0.128595 0.047168 0.055184
0 0.024717 0.181271 0.068421 0.081612
