0 0.441579 0.466555 0.118947 0.066890
0 0.902612 0.519211 0.114717 0.081940
0 0.056116 0.159699 0.041051 0.028428
0 0.129474 0.176421 0.015789 0.018462
0 0.097895 0.117960 0.029474 0.015117
0 0.294211 0.185619 0.057895 0.050167
0 0.964717 0.571906 0.095789 0.121746
0 0.077168 0.224916 0.041158 0.051819
0 0.085261 0.267559 0.050526 0.040114
0 0.041051 0.212175 0.027168 0.056856
0 0.090526 0.111545 0.061158 0.048495
0 0.015261 0.280100 0.014717 0.065217
0 0.015261 0.125251 0.047168 0.055184
0 0.026116 0.178761 0.071579 0.088629
