0 0.441579 0.468227 0.118947 0.066890
0 0.901579 0.519211 0.114717 0.081940
0 0.056116 0.159699 0.041051 0.028428
0 0.128421 0.176421 0.015789 0.018462
0 0.096842 0.119612 0.029474 0.015117
0 0.294211 0.185619 0.057895 0.050167
0 0.964717 0.571906 0.095789 0.121746
0 0.078421 0.220716 0.018947 0.046821
0 0.085261 0.264214 0.050526 0.040114
0 0.018947 0.210702 0.027168 0.056856
0 0.090526 0.110201 0.061158 0.048495
0 0.015261 0.278428 0.014717 0.065217
0 0.016116 0.120214 0.047168 0.055184
0 0.028421 0.175418 0.075789 0.091971
