0 0.440526 0.466555 0.118947 0.066890
0 0.902612 0.520901 0.114717 0.081940
0 0.056116 0.158027 0.041051 0.028428
0 0.128421 0.176421 0.015789 0.018462
0 0.097895 0.119612 0.029474 0.015117
0 0.295261 0.185619 0.057895 0.050167
0 0.965789 0.571906 0.095789 0.121746
0 0.078421 0.217191 0.018947 0.046821
0 0.081158 0.259197 0.050526 0.040114
0 0.018947 0.209010 0.027168 0.056856
0 0.089474 0.108528 0.061158 0.048495
0 0.016116 0.275084 0.014717 0.065217
0 0.016116 0.116890 0.045261 0.051819
0 0.010526 0.170401 0.075789 0.091971
