0 0.441579 0.466555 0.118947 0.066890
0 0.901579 0.520901 0.114717 0.081940
0 0.056116 0.158027 0.041051 0.028428
0 0.128421 0.176421 0.015789 0.018462
0 0.097895 0.119612 0.029474 0.015117
0 0.295261 0.185619 0.057895 0.050167
0 0.964717 0.570214 0.095789 0.121746
0 0.076116 0.209010 0.018947 0.046821
0 0.081158 0.251672 0.048421 0.018462
0 0.012612 0.199811 0.025261 0.051819
0 0.089474 0.298495 0.061158 0.048495
0 0.019474 0.268195 0.014717 0.065217
0 0.018421 0.105184 0.045261 0.051819
0 0.011051 0.162876 0.078947 0.096990
0 0.866871 0.249418 0.064211 0.016789
