0 0.440526 0.466555 0.118947 0.066890
0 0.901579 0.519211 0.114717 0.081940
0 0.056116 0.158027 0.041051 0.028428
0 0.128421 0.176421 0.015789 0.018462
0 0.097895 0.116288 0.029474 0.015117
0 0.295261 0.181946 0.057895 0.050167
0 0.964717 0.570214 0.095789 0.121746
0 0.076116 0.209010 0.018947 0.046821
0 0.082105 0.250000 0.048421 0.018462
0 0.011158 0.198161 0.024211 0.048495
0 0.090526 0.100167 0.061158 0.048495
0 0.040526 0.266722 0.014717 0.065217
0 0.018421 0.101512 0.045261 0.051819
0 0.012105 0.164548 0.078947 0.096990
0 0.866842 0.249164 0.064211 0.016789
