0 0.441579 0.466555 0.118947 0.066890
0 0.901579 0.519211 0.114717 0.081940
0 0.056116 0.158027 0.041051 0.028428
0 0.129474 0.176421 0.015789 0.018462
0 0.097895 0.117960 0.029474 0.015117
0 0.294211 0.181946 0.057895 0.050167
0 0.964717 0.571906 0.095789 0.121746
0 0.075261 0.209010 0.018947 0.046821
0 0.082105 0.250000 0.048421 0.018462
0 0.011158 0.198161 0.024211 0.048495
0 0.090526 0.296821 0.061158 0.048495
0 0.040526 0.266722 0.012612 0.061871
0 0.018421 0.101819 0.045261 0.051819
0 0.011051 0.162040 0.081158 0.102007
0 0.870526 0.250000 0.067168 0.018462
