0 0.441579 0.466555 0.118947 0.066890
0 0.902612 0.519211 0.114717 0.081940
0 0.056116 0.158027 0.041051 0.028428
0 0.129474 0.176421 0.015789 0.018462
0 0.097895 0.117960 0.029474 0.015117
0 0.295261 0.181946 0.057895 0.050167
0 0.961684 0.571906 0.095789 0.121746
0 0.075261 0.207158 0.018947 0.046821
0 0.082105 0.248128 0.048421 0.018462
0 0.010526 0.196488 0.025261 0.051819
0 0.088947 0.295151 0.060000 0.045151
0 0.041579 0.265050 0.012612 0.061871
0 0.018421 0.100167 0.045261 0.051819
0 0.011051 0.162040 0.081158 0.102007
0 0.885261 0.251672 0.050526 0.068562
