0 0.441579 0.468227 0.118947 0.066890
0 0.901579 0.519211 0.114717 0.081940
0 0.056116 0.158027 0.041051 0.028428
0 0.129474 0.178094 0.015789 0.018462
0 0.097895 0.117960 0.029474 0.015117
0 0.295261 0.185619 0.057895 0.050167
0 0.964717 0.571906 0.095789 0.121746
0 0.071158 0.202141 0.016842 0.041478
0 0.082105 0.241619 0.048421 0.018462
0 0.027168 0.194816 0.025261 0.051819
0 0.088947 0.288462 0.060000 0.045151
0 0.042612 0.260011 0.012612 0.061871
0 0.019474 0.291806 0.045261 0.051819
0 0.012105 0.157021 0.081158 0.102007
0 0.922105 0.271719 0.050526 0.068562
