0 0.441051 0.466555 0.124211 0.070214
0 0.901579 0.519211 0.114717 0.081940
0 0.056116 0.158027 0.041051 0.028428
0 0.129474 0.178094 0.015789 0.018462
0 0.097895 0.117960 0.029474 0.015117
0 0.295261 0.185619 0.057895 0.050167
0 0.964717 0.571906 0.095789 0.121746
0 0.071158 0.200669 0.016842 0.041478
0 0.081051 0.241619 0.048421 0.018462
0 0.025261 0.191144 0.025261 0.051819
0 0.088947 0.286789 0.060000 0.045151
0 0.042612 0.258161 0.012612 0.061871
0 0.018421 0.291478 0.045261 0.051819
0 0.011158 0.157021 0.081158 0.102007
0 0.947084 0.275707 0.050526 0.068562
0 0.961071 0.808862 0.112406 0.115079
