0 0.441579 0.468227 0.118947 0.066890
0 0.901579 0.519211 0.114717 0.081940
0 0.054717 0.158027 0.042105 0.028428
0 0.129474 0.178094 0.015789 0.018462
0 0.097895 0.117960 0.029474 0.015117
0 0.294211 0.185619 0.057895 0.050167
0 0.961684 0.571906 0.095789 0.121746
0 0.071158 0.200669 0.016842 0.041478
0 0.080000 0.219967 0.048421 0.018462
0 0.022612 0.191472 0.024211 0.048495
0 0.088947 0.286789 0.060000 0.045151
0 0.042612 0.258161 0.012612 0.061871
0 0.018421 0.290114 0.045261 0.051819
0 0.011158 0.155151 0.081158 0.102007
0 0.951579 0.275084 0.050526 0.068562
0 0.944288 0.806170 0.111228 0.111712
