0 0.441579 0.468227 0.118947 0.066890
0 0.900526 0.520901 0.114717 0.081940
0 0.056116 0.158027 0.041051 0.028428
0 0.129474 0.176421 0.015789 0.018462
0 0.097895 0.117960 0.029474 0.015117
0 0.294211 0.185619 0.057895 0.050167
0 0.964717 0.570214 0.095789 0.121746
0 0.071051 0.198997 0.016842 0.041478
0 0.081051 0.218294 0.048421 0.018462
0 0.019474 0.191472 0.024211 0.048495
0 0.090000 0.281445 0.060000 0.045151
0 0.041684 0.256689 0.012612 0.061871
0 0.019474 0.288462 0.045261 0.051819
0 0.011158 0.155151 0.081158 0.102007
0 0.971684 0.285117 0.054717 0.075251
0 0.898421 0.804148 0.161051 0.111712
