0 0.441051 0.468227 0.124211 0.070214
0 0.900526 0.520901 0.114717 0.081940
0 0.056116 0.158861 0.018947 0.026756
0 0.129474 0.176421 0.015789 0.018462
0 0.097895 0.117960 0.029474 0.015117
0 0.295261 0.185619 0.057895 0.050167
0 0.964717 0.570214 0.095789 0.121746
0 0.070000 0.198997 0.016842 0.041478
0 0.081051 0.216622 0.048421 0.018462
0 0.017168 0.189799 0.024211 0.048495
0 0.088947 0.280100 0.060000 0.045151
0 0.041684 0.256689 0.012612 0.061871
0 0.019474 0.285117 0.045261 0.051819
0 0.012105 0.151679 0.081158 0.102007
0 0.984211 0.286789 0.054717 0.075251
0 0.877819 0.802676 0.189162 0.111712
