0 0.440526 0.468227 0.118947 0.066890
0 0.900526 0.519211 0.114717 0.081940
0 0.054717 0.158027 0.042105 0.028428
0 0.129474 0.176421 0.015789 0.018462
0 0.096842 0.117960 0.029474 0.015117
0 0.294211 0.185619 0.057895 0.050167
0 0.964717 0.570214 0.095789 0.121746
0 0.067895 0.195652 0.016842 0.041478
0 0.081051 0.211278 0.048421 0.018462
0 0.014211 0.187291 0.022105 0.046821
0 0.088421 0.275920 0.056842 0.041478
0 0.041684 0.251672 0.012612 0.061871
0 0.040526 0.281771 0.045261 0.051819
0 0.011158 0.152007 0.081158 0.102007
0 0.991579 0.100167 0.052612 0.071906
0 0.780526 0.794114 0.188421 0.111712
0 0.717168 0.214881 0.049474 0.048495
