0 0.441579 0.468227 0.118947 0.066890
0 0.900526 0.520901 0.114717 0.081940
0 0.055261 0.158027 0.041051 0.028428
0 0.129474 0.176421 0.015789 0.018462
0 0.097895 0.117960 0.029474 0.015117
0 0.294211 0.185619 0.057895 0.050167
0 0.964717 0.571579 0.095789 0.121746
0 0.066842 0.195652 0.016842 0.041478
0 0.080000 0.211605 0.048421 0.018462
0 0.012612 0.187291 0.021051 0.041478
0 0.088421 0.275920 0.056842 0.041478
0 0.045789 0.251672 0.012612 0.061871
0 0.018947 0.282609 0.042105 0.050167
0 0.011158 0.152841 0.078947 0.096990
0 0.998421 0.104148 0.049474 0.066890
0 0.748947 0.790970 0.188421 0.111712
0 0.719474 0.214881 0.049474 0.048495
