0 0.441579 0.468227 0.118947 0.066890
0 0.900526 0.519211 0.114717 0.081940
0 0.055261 0.158027 0.041051 0.028428
0 0.129474 0.178094 0.015789 0.018462
0 0.097895 0.117960 0.029474 0.015117
0 0.295261 0.185619 0.057895 0.050167
0 0.964717 0.570214 0.095789 0.121746
0 0.065789 0.191980 0.016842 0.041478
0 0.080000 0.228261 0.048421 0.018462
0 0.010526 0.185619 0.021051 0.041478
0 0.087895 0.271719 0.051684 0.041806
0 0.045789 0.251672 0.012612 0.061871
0 0.018947 0.279264 0.042105 0.050167
0 0.014211 0.151171 0.078947 0.096990
0 0.684717 0.785951 0.188421 0.111712
