0 0.441051 0.466555 0.124211 0.070214
0 0.900526 0.519211 0.114717 0.081940
0 0.055261 0.158027 0.041051 0.028428
0 0.129474 0.176421 0.015789 0.018462
0 0.097895 0.117960 0.029474 0.015117
0 0.295261 0.185619 0.057895 0.050167
0 0.961684 0.571906 0.095789 0.121746
0 0.062612 0.190615 0.016842 0.041478
0 0.080000 0.224080 0.046116 0.016789
0 0.087168 0.265886 0.056842 0.041478
0 0.047168 0.244981 0.011579 0.058528
0 0.040000 0.272575 0.042105 0.050167
0 0.015261 0.147826 0.078947 0.096990
0 0.559474 0.772575 0.180000 0.107021
