0 0.441579 0.468227 0.118947 0.066890
0 0.900526 0.519211 0.114717 0.081940
0 0.056116 0.158027 0.041051 0.028428
0 0.129474 0.176421 0.015789 0.018462
0 0.097895 0.117960 0.029474 0.015117
0 0.295261 0.185619 0.057895 0.050167
0 0.961684 0.571579 0.095789 0.121746
0 0.062612 0.190615 0.016842 0.041478
0 0.078947 0.224080 0.046116 0.016789
0 0.087168 0.267559 0.056842 0.041478
0 0.047168 0.246656 0.011579 0.058528
0 0.041051 0.274247 0.042105 0.050167
0 0.570298 0.779676 0.171579 0.102007
0 0.011848 0.128704 0.049126 0.064815
0 0.018110 0.180952 0.011105 0.082011
