0 0.441579 0.468227 0.118947 0.066890
0 0.899474 0.520901 0.114717 0.081940
0 0.056116 0.158027 0.041051 0.028428
0 0.129474 0.174749 0.015789 0.018462
0 0.097895 0.117960 0.029474 0.015117
0 0.294211 0.181946 0.057895 0.050167
0 0.961684 0.571906 0.095789 0.121746
0 0.060526 0.188961 0.016842 0.041478
0 0.078947 0.222408 0.046116 0.016789
0 0.087168 0.264214 0.056842 0.041478
0 0.048421 0.244981 0.011579 0.058528
0 0.040000 0.272575 0.042105 0.050167
0 0.510000 0.775084 0.171579 0.102007
0 0.011579 0.126087 0.048421 0.061545
0 0.018421 0.178761 0.012612 0.081940
