0 0.440526 0.468227 0.118947 0.066890
0 0.899474 0.519211 0.114717 0.081940
0 0.056116 0.158027 0.041051 0.028428
0 0.128421 0.176421 0.015789 0.018462
0 0.096842 0.117960 0.029474 0.015117
0 0.294211 0.181946 0.057895 0.050167
0 0.961684 0.571906 0.095789 0.121746
0 0.046116 0.181946 0.011684 0.040114
0 0.074211 0.207158 0.041051 0.011445
0 0.085789 0.247492 0.049474 0.016789
0 0.051579 0.214950 0.029474 0.055184
0 0.042612 0.262542 0.041051 0.046821
0 0.112612 0.759197 0.197895 0.117057
0 0.015789 0.112709 0.048421 0.061545
0 0.020000 0.158696 0.046116 0.085284
0 0.920182 0.272624 0.066116 0.046821
