0 0.440526 0.468227 0.118947 0.066890
0 0.898421 0.520901 0.114717 0.081940
0 0.056116 0.158027 0.041051 0.028428
0 0.128421 0.176421 0.015789 0.018462
0 0.096842 0.117960 0.029474 0.015117
0 0.295261 0.181946 0.057895 0.050167
0 0.964717 0.571579 0.095789 0.121746
0 0.046116 0.181946 0.011684 0.040114
0 0.074717 0.206522 0.040000 0.011771
0 0.085789 0.245819 0.049474 0.016789
0 0.051579 0.214950 0.029474 0.055184
0 0.042612 0.262542 0.041051 0.046821
0 0.112105 0.758161 0.188421 0.112040
0 0.014717 0.111017 0.048421 0.061545
0 0.021051 0.158696 0.046116 0.085284
0 0.919474 0.270901 0.066116 0.046821
