0 0.419474 0.468227 0.118947 0.066890
0 0.899474 0.519211 0.114717 0.081940
0 0.056116 0.158861 0.018947 0.026756
0 0.129474 0.176421 0.015789 0.018462
0 0.098947 0.116288 0.029474 0.015117
0 0.295261 0.185619 0.057895 0.050167
0 0.961684 0.571906 0.095789 0.121746
0 0.044211 0.181946 0.011684 0.040114
0 0.074211 0.205686 0.041051 0.011445
0 0.086116 0.244981 0.046116 0.015117
0 0.052612 0.211278 0.029474 0.055184
0 0.042612 0.260870 0.041051 0.046821
0 0.061684 0.761178 0.188421 0.112040
0 0.015789 0.109165 0.048421 0.061545
0 0.022105 0.155151 0.046116 0.085284
0 0.948421 0.281445 0.069474 0.048495
