0 0.440000 0.466555 0.124211 0.070214
0 0.898421 0.519211 0.114717 0.081940
0 0.056116 0.158027 0.041051 0.028428
0 0.129474 0.178094 0.015789 0.018462
0 0.097895 0.116288 0.029474 0.015117
0 0.295261 0.185619 0.057895 0.050167
0 0.961684 0.571579 0.095789 0.121746
0 0.042105 0.182274 0.011684 0.040114
0 0.071158 0.204011 0.041051 0.011445
0 0.085789 0.240801 0.049474 0.016789
0 0.052612 0.229911 0.029474 0.055184
0 0.042612 0.260870 0.041051 0.046821
0 0.016842 0.107692 0.048421 0.061545
0 0.021684 0.152007 0.049474 0.088629
0 0.969474 0.290114 0.069474 0.048495
