0 0.440526 0.466555 0.118947 0.066890
0 0.898421 0.520901 0.114717 0.081940
0 0.055261 0.158027 0.041051 0.028428
0 0.129474 0.178094 0.015789 0.018462
0 0.097895 0.119612 0.029474 0.015117
0 0.295261 0.185619 0.057895 0.050167
0 0.964717 0.571906 0.095789 0.121746
0 0.016842 0.182274 0.011684 0.040114
0 0.070000 0.202141 0.041051 0.011445
0 0.085261 0.218294 0.046116 0.015117
0 0.054717 0.229911 0.029474 0.055184
0 0.042612 0.257525 0.041051 0.046821
0 0.018947 0.104148 0.048421 0.061545
0 0.024717 0.146154 0.051579 0.091645
0 1.004211 0.101512 0.069474 0.048495
