0 0.440526 0.466555 0.118947 0.066890
0 0.897895 0.520901 0.120000 0.085284
0 0.055261 0.158861 0.018947 0.026756
0 0.129474 0.178094 0.015789 0.018462
0 0.097895 0.116288 0.029474 0.015117
0 0.295261 0.185619 0.057895 0.050167
0 0.961684 0.571906 0.095789 0.121746
0 0.016842 0.180602 0.011684 0.040114
0 0.070000 0.200669 0.041051 0.011445
0 0.085261 0.216622 0.046116 0.015117
0 0.054717 0.229911 0.029474 0.055184
0 0.041684 0.259197 0.041051 0.046821
0 0.040000 0.101001 0.048421 0.061545
0 0.026842 0.144482 0.051579 0.091645
