0 0.440526 0.466555 0.118947 0.066890
0 0.897895 0.520901 0.120000 0.085284
0 0.056116 0.158027 0.041051 0.028428
0 0.128421 0.176421 0.015789 0.018462
0 0.097895 0.117960 0.029474 0.015117
0 0.295261 0.185619 0.057895 0.050167
0 0.961684 0.571579 0.095789 0.121746
0 0.012105 0.178094 0.014717 0.041806
0 0.066842 0.200669 0.041051 0.011445
0 0.085261 0.214950 0.046116 0.015117
0 0.055789 0.224916 0.029474 0.055184
0 0.041684 0.257525 0.041051 0.046821
0 0.041051 0.297659 0.048421 0.061545
0 0.026842 0.119465 0.051579 0.091645
