0 0.440526 0.466555 0.118947 0.066890
0 0.897895 0.519211 0.120000 0.085284
0 0.056116 0.158027 0.041051 0.028428
0 0.128421 0.176421 0.015789 0.018462
0 0.097895 0.117960 0.029474 0.015117
0 0.295261 0.185619 0.057895 0.050167
0 0.964717 0.571579 0.095789 0.121746
0 0.011051 0.178094 0.014717 0.041806
0 0.066842 0.198997 0.041051 0.011445
0 0.084211 0.211278 0.046116 0.015117
0 0.056842 0.224916 0.029474 0.055184
0 0.041684 0.255851 0.041051 0.046821
0 0.040000 0.295987 0.048421 0.061545
0 0.028947 0.117791 0.051579 0.091645
