0 0.440526 0.466555 0.118947 0.066890
0 0.896842 0.520901 0.120000 0.085284
0 0.054717 0.159699 0.042105 0.028428
0 0.128421 0.176421 0.015789 0.018462
0 0.097895 0.117960 0.029474 0.015117
0 0.295261 0.185619 0.057895 0.050167
0 0.964717 0.570214 0.095789 0.121746
0 0.027168 0.177258 0.011684 0.040114
0 0.061684 0.197124 0.041051 0.011445
0 0.084211 0.211605 0.046116 0.015117
0 0.057895 0.221572 0.029474 0.055184
0 0.044717 0.255851 0.041051 0.046821
0 0.041051 0.295151 0.044211 0.058528
0 0.011051 0.115284 0.049474 0.088629
