0 0.440526 0.466555 0.118947 0.066890
0 0.896842 0.520901 0.120000 0.085284
0 0.055261 0.159699 0.041051 0.028428
0 0.129474 0.176421 0.015789 0.018462
0 0.097895 0.117960 0.029474 0.015117
0 0.295261 0.185619 0.057895 0.050167
0 0.961684 0.571906 0.095789 0.121746
0 0.024717 0.176421 0.014717 0.041806
0 0.062612 0.197124 0.041051 0.011445
0 0.085261 0.229911 0.042105 0.011771
0 0.058947 0.221572 0.029474 0.055184
0 0.041684 0.256689 0.018947 0.045151
0 0.041158 0.291806 0.044211 0.058528
0 0.010000 0.111940 0.049474 0.088629
