0 0.419474 0.464881 0.118947 0.066890
0 0.895789 0.517559 0.120000 0.085284
0 0.054211 0.158027 0.041051 0.028428
0 0.129474 0.178094 0.015789 0.018462
0 0.096842 0.117960 0.029474 0.015117
0 0.294211 0.181946 0.057895 0.050167
0 0.961684 0.570214 0.095789 0.121746
0 0.021579 0.176421 0.014717 0.041806
0 0.057168 0.192108 0.041051 0.011445
0 0.081158 0.225751 0.044211 0.011445
0 0.058947 0.216555 0.029474 0.055184
0 0.041684 0.251144 0.018947 0.045151
0 0.044211 0.285951 0.046116 0.060201
0 0.012105 0.125251 0.049474 0.088629
0 -0.002612 0.192140 0.081158 0.055184
