0 0.441579 0.466555 0.118947 0.066890
0 0.895789 0.517559 0.120000 0.085284
0 0.054211 0.159699 0.041051 0.028428
0 0.129474 0.176421 0.015789 0.018462
0 0.097895 0.117960 0.029474 0.015117
0 0.294211 0.185619 0.057895 0.050167
0 0.961684 0.570214 0.095789 0.121746
0 0.021579 0.176421 0.014717 0.041806
0 0.049474 0.191472 0.042105 0.015117
0 0.081158 0.221244 0.042105 0.011771
0 0.060000 0.214881 0.029474 0.055184
0 0.044717 0.251144 0.018947 0.045151
0 0.045261 0.282609 0.046116 0.060201
0 0.011158 0.118562 0.049474 0.088629
0 -0.002612 0.187960 0.087168 0.056856
