0 0.441579 0.466555 0.118947 0.066890
0 0.896842 0.517559 0.120000 0.085284
0 0.054211 0.158027 0.041051 0.028428
0 0.128421 0.176421 0.015789 0.018462
0 0.097895 0.117960 0.029474 0.015117
0 0.295261 0.185619 0.057895 0.050167
0 0.961684 0.571906 0.095789 0.121746
0 0.041158 0.189799 0.042105 0.015117
0 0.084211 0.221572 0.042105 0.011771
0 0.061051 0.209866 0.027168 0.051819
0 0.044717 0.251144 0.018947 0.045151
0 0.045261 0.277592 0.046116 0.060201
0 0.015789 0.116054 0.046116 0.081612
0 -0.002105 0.182941 0.096842 0.061545
