0 0.441579 0.466555 0.118947 0.066890
0 0.896842 0.519211 0.120000 0.085284
0 0.054211 0.159699 0.041051 0.028428
0 0.128421 0.176421 0.015789 0.018462
0 0.096842 0.117960 0.029474 0.015117
0 0.294211 0.181946 0.057895 0.050167
0 0.962612 0.571906 0.095789 0.121746
0 0.016842 0.189799 0.042105 0.015117
0 0.081158 0.219900 0.042105 0.011771
0 0.062105 0.208194 0.027168 0.051819
0 0.044717 0.251672 0.018947 0.045151
0 0.047168 0.275920 0.046116 0.060201
0 0.016842 0.111017 0.046116 0.081612
0 -0.001158 0.179599 0.101051 0.066890
