0 0.440526 0.466555 0.118947 0.066890
0 0.896842 0.519211 0.120000 0.085284
0 0.054211 0.158027 0.041051 0.028428
0 0.128421 0.174749 0.015789 0.018462
0 0.097895 0.117960 0.029474 0.015117
0 0.295261 0.185619 0.057895 0.050167
0 0.962612 0.571906 0.095789 0.121746
0 0.014211 0.187291 0.041051 0.011445
0 0.081158 0.217191 0.040000 0.010100
0 0.062105 0.204849 0.027168 0.051819
0 0.045789 0.251672 0.018947 0.045151
0 0.047168 0.270901 0.046116 0.060201
0 0.018947 0.106020 0.046116 0.081612
0 -0.005261 0.174582 0.111579 0.071579
