0 0.440526 0.466555 0.118947 0.066890
0 0.896842 0.520901 0.120000 0.085284
0 0.054211 0.158027 0.041051 0.028428
0 0.129474 0.176421 0.015789 0.018462
0 0.097895 0.116288 0.029474 0.015117
0 0.295261 0.185619 0.057895 0.050167
0 0.962612 0.571579 0.095789 0.121746
0 0.078947 0.200669 0.040000 0.010100
0 0.057895 0.186455 0.029474 0.055184
0 0.046116 0.244147 0.040000 0.046821
0 0.052105 0.254181 0.041158 0.056856
0 0.047168 0.281445 0.040000 0.071906
0 0.012105 0.111104 0.045261 0.060201
0 0.955898 0.819198 0.151901 0.147157
