0 0.440526 0.464881 0.118947 0.066890
0 0.896842 0.519211 0.120000 0.085284
0 0.054211 0.158027 0.041051 0.028428
0 0.129474 0.178094 0.015789 0.018462
0 0.097895 0.117960 0.029474 0.015117
0 0.296116 0.187291 0.057895 0.050167
0 0.962612 0.570214 0.095789 0.121746
0 0.077895 0.198161 0.017895 0.028428
0 0.055789 0.186455 0.027168 0.051819
0 0.047168 0.242475 0.040000 0.046821
0 0.052105 0.252508 0.041158 0.056856
0 0.046116 0.281445 0.040000 0.071906
0 0.014211 0.129411 0.045261 0.060201
0 0.897274 0.825251 0.221916 0.162207
