0 0.440526 0.464881 0.118947 0.066890
0 0.895789 0.520901 0.120000 0.085284
0 0.054211 0.158027 0.041051 0.028428
0 0.129474 0.178094 0.015789 0.018462
0 0.097895 0.117960 0.029474 0.015117
0 0.296116 0.187291 0.057895 0.050167
0 0.961579 0.570214 0.095789 0.121746
0 0.076842 0.198161 0.017895 0.028428
0 0.055789 0.184781 0.029474 0.055184
0 0.047895 0.241619 0.018947 0.045151
0 0.051158 0.250816 0.041158 0.056856
0 0.047168 0.281771 0.040000 0.071906
0 0.014211 0.126087 0.045261 0.060201
0 0.861051 0.826921 0.221051 0.162207
0 0.016842 0.208194 0.042105 0.081940
