0 0.440526 0.466555 0.118947 0.066890
0 0.896842 0.519211 0.120000 0.085284
0 0.054211 0.158027 0.041051 0.028428
0 0.129474 0.178094 0.015789 0.018462
0 0.096842 0.117960 0.029474 0.015117
0 0.295261 0.187291 0.057895 0.050167
0 0.962612 0.571906 0.095789 0.121746
0 0.075789 0.195652 0.040000 0.010100
0 0.051684 0.181418 0.029474 0.055184
0 0.047895 0.218294 0.018947 0.045151
0 0.051158 0.249164 0.041158 0.056856
0 0.048421 0.280100 0.040000 0.071906
0 0.015261 0.122742 0.045261 0.060201
0 0.761158 0.810268 0.212612 0.145485
0 0.017895 0.206522 0.042105 0.081940
