0 0.441579 0.466555 0.118947 0.066890
0 0.895789 0.519211 0.120000 0.085284
0 0.054211 0.158027 0.041051 0.028428
0 0.129474 0.176421 0.015789 0.018462
0 0.097895 0.117960 0.029474 0.015117
0 0.295261 0.185619 0.057895 0.050167
0 0.962612 0.570214 0.095789 0.121746
0 0.071684 0.192108 0.044211 0.011445
0 0.048947 0.216622 0.018947 0.045151
0 0.051158 0.247492 0.041158 0.056856
0 0.048421 0.276756 0.017895 0.068562
0 0.017168 0.117726 0.041158 0.056856
0 0.514717 0.841117 0.221158 0.151846
0 0.020000 0.201177 0.042105 0.081940
