0 0.440526 0.466555 0.118947 0.066890
0 0.896842 0.519211 0.120000 0.085284
0 0.051158 0.159699 0.041051 0.028428
0 0.129474 0.174749 0.015789 0.018462
0 0.097895 0.117960 0.029474 0.015117
0 0.295261 0.185619 0.057895 0.050167
0 0.962612 0.571579 0.095789 0.121746
0 0.067168 0.188127 0.042105 0.011771
0 0.048947 0.211605 0.016842 0.041806
0 0.051158 0.244147 0.041158 0.056856
0 0.048947 0.271411 0.016842 0.065217
0 0.017168 0.112709 0.041158 0.056856
0 0.160000 0.858696 0.212612 0.145485
0 0.022105 0.198161 0.046116 0.081940
