0 0.440526 0.468227 0.118947 0.066890
0 0.895789 0.520901 0.120000 0.085284
0 0.054211 0.158027 0.041051 0.028428
0 0.128421 0.176421 0.015789 0.018462
0 0.096842 0.119612 0.029474 0.015117
0 0.295261 0.185619 0.057895 0.050167
0 0.961579 0.571906 0.095789 0.121746
0 0.067168 0.184781 0.042105 0.011771
0 0.048947 0.211605 0.016842 0.041806
0 0.054211 0.244147 0.041158 0.056856
0 0.051051 0.271719 0.016842 0.065217
0 0.018421 0.111017 0.041051 0.051512
0 0.070526 0.860168 0.212612 0.145485
0 0.021158 0.196488 0.046116 0.081940
