0 0.476190 0.473307 0.049320 0.110677
2 0.012330 0.652344 0.019558 0.080729
0 0.068878 0.639323 0.085034 0.111979
0 0.059524 0.565104 0.107143 0.114583
0 0.130102 0.521484 0.071429 0.108073
0 0.189201 0.602214 0.090986 0.154948
0 0.231293 0.475911 0.059524 0.084635
0 0.338435 0.384115 0.062925 0.080729
0 0.337160 0.450521 0.075680 0.117188
0 0.387755 0.317057 0.040816 0.063802
0 0.419643 0.347005 0.048469 0.071615
0 0.410289 0.273438 0.036565 0.052083
0 0.443878 0.290365 0.039116 0.057292
0 0.425595 0.236979 0.036565 0.054688
0 0.441327 0.192057 0.035714 0.050781
0 0.449830 0.149740 0.030612 0.044271
0 0.495323 0.074219 0.029762 0.033854
0 0.497874 0.046224 0.017857 0.024740
0 0.511905 0.029297 0.025510 0.029948
0 0.530612 0.014323 0.022109 0.023438
2 0.526361 0.106771 0.015306 0.036458
2 0.448980 0.092448 0.008503 0.039062
2 0.458333 0.098958 0.013605 0.041667
0 0.406888 0.147135 0.046769 0.059896
2 0.589286 0.096354 0.015306 0.057292
2 0.598639 0.097656 0.015306 0.033854
0 0.611653 0.316623 0.071509 0.047493
0 0.629315 0.262533 0.065478 0.058047
0 0.627161 0.234169 0.056001 0.046174
0 0.627591 0.213720 0.055140 0.052770
0 0.627161 0.158971 0.031878 0.051451
0 0.558236 0.048153 0.024985 0.030343
0 0.523343 0.075198 0.013785 0.029024
0 0.535405 0.058707 0.018954 0.027704
0 0.369124 0.162269 0.031016 0.055409
0 0.345862 0.188654 0.027570 0.055409
0 0.392386 0.082454 0.032739 0.035620
0 0.363093 0.102902 0.031016 0.044855
0 0.419094 0.050132 0.034462 0.034301
0 0.444941 0.035620 0.034462 0.039578
