0 0.454082 0.811198 0.062925 0.166667
2 0.011905 0.652995 0.020408 0.084635
0 0.068027 0.640625 0.085034 0.111979
0 0.060374 0.565104 0.107143 0.114583
0 0.130102 0.521484 0.071429 0.108073
0 0.134779 0.651693 0.090986 0.154948
0 0.220663 0.523438 0.067177 0.140625
0 0.324405 0.395182 0.060374 0.076823
0 0.323554 0.467448 0.075680 0.117188
0 0.387755 0.317057 0.040816 0.063802
0 0.407313 0.365885 0.051020 0.075521
0 0.410289 0.274740 0.036565 0.052083
0 0.437075 0.307292 0.039116 0.057292
0 0.425595 0.238281 0.036565 0.054688
0 0.442177 0.192057 0.035714 0.050781
0 0.449830 0.148438 0.030612 0.044271
0 0.495323 0.075521 0.029762 0.033854
0 0.497874 0.046224 0.017857 0.024740
0 0.512755 0.031901 0.025510 0.029948
0 0.529337 0.017578 0.022959 0.024740
2 0.527211 0.108073 0.015306 0.036458
2 0.457483 0.095703 0.013605 0.042969
0 0.455357 0.061198 0.029762 0.026042
0 0.460459 0.257812 0.034864 0.065104
2 0.586310 0.088542 0.012755 0.036458
0 0.611653 0.316623 0.071509 0.047493
0 0.629315 0.262533 0.065478 0.058047
0 0.627161 0.234169 0.056001 0.046174
0 0.627591 0.213720 0.055140 0.052770
0 0.627161 0.158971 0.031878 0.051451
0 0.558236 0.048153 0.024985 0.030343
0 0.523343 0.075198 0.013785 0.029024
0 0.535405 0.058707 0.018954 0.027704
0 0.369124 0.162269 0.031016 0.055409
0 0.345862 0.188654 0.027570 0.055409
0 0.392386 0.082454 0.032739 0.035620
0 0.363093 0.102902 0.031016 0.044855
0 0.419094 0.050132 0.034462 0.034301
0 0.444941 0.035620 0.034462 0.039578
