0 0.486395 0.916667 0.081633 0.208333
2 0.011905 0.652995 0.020408 0.084635
0 0.067177 0.639323 0.085034 0.111979
0 0.059524 0.566406 0.107143 0.114583
0 0.130952 0.520182 0.071429 0.108073
0 0.119473 0.662109 0.090986 0.154948
0 0.215136 0.533203 0.074830 0.154948
0 0.321429 0.399740 0.062925 0.080729
0 0.320153 0.468750 0.079082 0.122396
0 0.389456 0.318359 0.040816 0.063802
0 0.406463 0.372396 0.051020 0.075521
0 0.409439 0.273438 0.036565 0.052083
0 0.436224 0.308594 0.039116 0.057292
0 0.425595 0.236979 0.036565 0.054688
0 0.441327 0.192057 0.035714 0.050781
0 0.451531 0.148438 0.030612 0.044271
0 0.496173 0.075521 0.029762 0.033854
0 0.497874 0.044922 0.017857 0.024740
0 0.512755 0.033203 0.025510 0.029948
0 0.529337 0.016276 0.022959 0.024740
2 0.527211 0.110677 0.015306 0.036458
2 0.457058 0.098307 0.012755 0.040365
0 0.465986 0.048828 0.028912 0.024740
0 0.458759 0.259115 0.034864 0.065104
2 0.585034 0.085286 0.013605 0.040365
0 0.611653 0.316623 0.071509 0.047493
0 0.629315 0.262533 0.065478 0.058047
0 0.627161 0.234169 0.056001 0.046174
0 0.627591 0.213720 0.055140 0.052770
0 0.627161 0.158971 0.031878 0.051451
0 0.558236 0.048153 0.024985 0.030343
0 0.523343 0.075198 0.013785 0.029024
0 0.535405 0.058707 0.018954 0.027704
0 0.369124 0.162269 0.031016 0.055409
0 0.345862 0.188654 0.027570 0.055409
0 0.392386 0.082454 0.032739 0.035620
0 0.363093 0.102902 0.031016 0.044855
0 0.419094 0.050132 0.034462 0.034301
0 0.444941 0.035620 0.034462 0.039578
