2 0.012755 0.652995 0.020408 0.084635
0 0.068027 0.636719 0.085034 0.111979
0 0.059524 0.566406 0.107143 0.114583
0 0.130102 0.520182 0.071429 0.108073
0 0.111820 0.669922 0.090986 0.154948
0 0.213435 0.539714 0.074830 0.154948
0 0.318027 0.401042 0.062925 0.080729
0 0.315901 0.472656 0.079082 0.122396
0 0.387755 0.318359 0.042517 0.066406
0 0.403912 0.376302 0.051020 0.075521
0 0.410289 0.274740 0.036565 0.052083
0 0.435374 0.309896 0.039116 0.057292
0 0.425595 0.236979 0.036565 0.054688
0 0.442177 0.192057 0.035714 0.050781
0 0.449830 0.149740 0.030612 0.044271
0 0.496173 0.076823 0.029762 0.033854
0 0.497874 0.046224 0.017857 0.024740
0 0.512755 0.034505 0.025510 0.029948
0 0.528486 0.016276 0.022959 0.024740
2 0.528923 0.104115 0.015306 0.036458
2 0.457908 0.100260 0.012755 0.039062
0 0.473214 0.040365 0.029762 0.026042
0 0.458759 0.263021 0.034864 0.065104
2 0.587585 0.087891 0.015306 0.045573
0 0.611653 0.316623 0.071509 0.047493
0 0.629315 0.262533 0.065478 0.058047
0 0.627161 0.234169 0.056001 0.046174
0 0.627591 0.213720 0.055140 0.052770
0 0.627161 0.158971 0.031878 0.051451
0 0.558236 0.048153 0.024985 0.030343
0 0.523343 0.075198 0.013785 0.029024
0 0.535405 0.058707 0.018954 0.027704
0 0.369124 0.162269 0.031016 0.055409
0 0.345862 0.188654 0.027570 0.055409
0 0.392386 0.082454 0.032739 0.035620
0 0.363093 0.102902 0.031016 0.044855
0 0.419094 0.050132 0.034462 0.034301
0 0.444941 0.035620 0.034462 0.039578
