2 0.014456 0.654297 0.020408 0.084635
0 0.068027 0.638021 0.085034 0.111979
0 0.058673 0.565104 0.107143 0.114583
0 0.126701 0.522786 0.071429 0.108073
0 0.096088 0.681641 0.095238 0.162760
0 0.207483 0.555339 0.078231 0.162760
0 0.310374 0.407552 0.062925 0.080729
0 0.307823 0.485026 0.083333 0.128906
0 0.386054 0.318359 0.042517 0.066406
0 0.399235 0.378255 0.053571 0.079427
0 0.410289 0.274740 0.036565 0.052083
0 0.435374 0.312500 0.039116 0.057292
0 0.426446 0.236979 0.036565 0.054688
0 0.441327 0.190755 0.035714 0.050781
0 0.450680 0.149740 0.030612 0.044271
0 0.495323 0.075521 0.029762 0.033854
0 0.497874 0.046224 0.017857 0.024740
0 0.513605 0.033203 0.025510 0.029948
0 0.528912 0.018229 0.022109 0.023438
2 0.528912 0.102214 0.015306 0.037760
2 0.458333 0.098958 0.011905 0.036458
0 0.490221 0.026042 0.029762 0.026042
0 0.457058 0.268229 0.034864 0.065104
2 0.587160 0.087891 0.014456 0.042969
0 0.611653 0.316623 0.071509 0.047493
0 0.629315 0.262533 0.065478 0.058047
0 0.627161 0.234169 0.056001 0.046174
0 0.627591 0.213720 0.055140 0.052770
0 0.627161 0.158971 0.031878 0.051451
0 0.558236 0.048153 0.024985 0.030343
0 0.523343 0.075198 0.013785 0.029024
0 0.535405 0.058707 0.018954 0.027704
0 0.369124 0.162269 0.031016 0.055409
0 0.345862 0.188654 0.027570 0.055409
0 0.392386 0.082454 0.032739 0.035620
0 0.363093 0.102902 0.031016 0.044855
0 0.419094 0.050132 0.034462 0.034301
0 0.444941 0.035620 0.034462 0.039578
