2 0.013605 0.654297 0.020408 0.084635
0 0.068027 0.639323 0.085034 0.111979
0 0.059524 0.566406 0.107143 0.114583
0 0.123299 0.522786 0.071429 0.108073
0 0.091412 0.681641 0.090986 0.154948
0 0.205782 0.560547 0.078231 0.162760
0 0.307823 0.410156 0.062925 0.080729
0 0.306122 0.487630 0.083333 0.128906
0 0.386905 0.319661 0.042517 0.066406
0 0.399235 0.378255 0.053571 0.079427
0 0.410289 0.274740 0.036565 0.052083
0 0.433673 0.313802 0.039116 0.057292
0 0.425595 0.238281 0.036565 0.054688
0 0.442177 0.190755 0.035714 0.050781
0 0.451531 0.149740 0.030612 0.044271
0 0.495323 0.075521 0.029762 0.033854
0 0.497874 0.044922 0.017857 0.024740
0 0.513605 0.031901 0.025510 0.029948
0 0.529337 0.016276 0.022959 0.024740
2 0.530187 0.102865 0.016156 0.039062
2 0.457483 0.098958 0.011905 0.036458
0 0.497024 0.016927 0.026361 0.023438
0 0.456207 0.268229 0.034864 0.065104
2 0.585884 0.085286 0.013605 0.040365
0 0.611653 0.316623 0.071509 0.047493
0 0.629315 0.262533 0.065478 0.058047
0 0.627161 0.234169 0.056001 0.046174
0 0.627591 0.213720 0.055140 0.052770
0 0.627161 0.158971 0.031878 0.051451
0 0.558236 0.048153 0.024985 0.030343
0 0.523343 0.075198 0.013785 0.029024
0 0.535405 0.058707 0.018954 0.027704
0 0.369124 0.162269 0.031016 0.055409
0 0.345862 0.188654 0.027570 0.055409
0 0.392386 0.082454 0.032739 0.035620
0 0.363093 0.102902 0.031016 0.044855
0 0.419094 0.050132 0.034462 0.034301
0 0.444941 0.035620 0.034462 0.039578
