0 0.072704 0.690755 0.104592 0.170573
0 0.063776 0.576823 0.110544 0.127604
0 0.058673 0.649089 0.095238 0.110677
0 0.185374 0.602214 0.079932 0.141927
0 0.301871 0.484375 0.074830 0.101562
0 0.293793 0.426432 0.072279 0.089844
0 0.384354 0.393880 0.054422 0.074219
0 0.378827 0.330729 0.053571 0.065104
0 0.431122 0.332031 0.042517 0.062500
0 0.456207 0.279948 0.036565 0.062500
0 0.411990 0.276042 0.029762 0.052083
0 0.428146 0.245443 0.024660 0.069010
0 0.440051 0.198568 0.031463 0.042969
0 0.449405 0.152995 0.029762 0.053385
0 0.493197 0.080078 0.027211 0.035156
0 0.495748 0.048828 0.020408 0.022135
0 0.511054 0.024089 0.023810 0.027344
0 0.528912 0.014323 0.028912 0.031250
2 0.577806 0.072266 0.009354 0.040365
2 0.585884 0.082682 0.008503 0.032552
2 0.467262 0.094401 0.017857 0.040365
0 0.611653 0.316623 0.071509 0.047493
0 0.629315 0.262533 0.065478 0.058047
0 0.627161 0.234169 0.056001 0.046174
0 0.627591 0.213720 0.055140 0.052770
0 0.627161 0.158971 0.031878 0.051451
0 0.558236 0.048153 0.024985 0.030343
0 0.523343 0.075198 0.013785 0.029024
0 0.535405 0.058707 0.018954 0.027704
0 0.369124 0.162269 0.031016 0.055409
0 0.345862 0.188654 0.027570 0.055409
0 0.392386 0.082454 0.032739 0.035620
0 0.363093 0.102902 0.031016 0.044855
0 0.419094 0.050132 0.034462 0.034301
0 0.444941 0.035620 0.034462 0.039578
