0 0.072704 0.690755 0.104592 0.170573
0 0.063776 0.574870 0.105442 0.121094
0 0.058673 0.647786 0.095238 0.110677
0 0.177721 0.610026 0.079932 0.141927
0 0.284439 0.496094 0.079082 0.111979
0 0.217262 0.473307 0.079082 0.100260
0 0.371599 0.411458 0.057823 0.078125
0 0.314201 0.397135 0.053571 0.065104
0 0.417942 0.354818 0.046769 0.069010
0 0.452806 0.285156 0.036565 0.062500
0 0.411139 0.276042 0.029762 0.052083
0 0.425595 0.245443 0.022959 0.066406
0 0.440051 0.199870 0.031463 0.042969
0 0.450255 0.152995 0.029762 0.053385
0 0.485544 0.119792 0.030612 0.039062
0 0.494898 0.054036 0.020408 0.022135
0 0.511905 0.024089 0.023810 0.027344
0 0.527211 0.014323 0.028912 0.031250
2 0.569303 0.072266 0.009354 0.040365
2 0.466412 0.097656 0.019558 0.044271
0 0.394133 0.189453 0.046769 0.048177
0 0.611653 0.316623 0.071509 0.047493
0 0.629315 0.262533 0.065478 0.058047
0 0.627161 0.234169 0.056001 0.046174
0 0.627591 0.213720 0.055140 0.052770
0 0.627161 0.158971 0.031878 0.051451
0 0.558236 0.048153 0.024985 0.030343
0 0.523343 0.075198 0.013785 0.029024
0 0.535405 0.058707 0.018954 0.027704
0 0.369124 0.162269 0.031016 0.055409
0 0.345862 0.188654 0.027570 0.055409
0 0.392386 0.082454 0.032739 0.035620
0 0.363093 0.102902 0.031016 0.044855
0 0.419094 0.050132 0.034462 0.034301
0 0.444941 0.035620 0.034462 0.039578
