0 0.073554 0.690755 0.104592 0.170573
0 0.062925 0.576172 0.105442 0.121094
0 0.058673 0.649089 0.095238 0.110677
0 0.177721 0.610026 0.079932 0.141927
0 0.283588 0.498698 0.082483 0.117188
0 0.212160 0.475911 0.079082 0.100260
0 0.370748 0.412760 0.057823 0.078125
0 0.307398 0.402344 0.053571 0.065104
0 0.417092 0.356120 0.045068 0.066406
0 0.452806 0.287760 0.036565 0.062500
0 0.409439 0.278646 0.029762 0.052083
0 0.425595 0.246745 0.022959 0.066406
0 0.440901 0.198568 0.031463 0.042969
0 0.449405 0.155599 0.029762 0.053385
0 0.484694 0.126302 0.030612 0.039062
0 0.494048 0.055339 0.020408 0.022135
0 0.510629 0.026042 0.024660 0.028646
0 0.528912 0.014323 0.028912 0.031250
2 0.466412 0.097656 0.019558 0.044271
0 0.402636 0.171224 0.046769 0.048177
0 0.316752 0.302734 0.060374 0.066406
2 0.568027 0.067057 0.013605 0.037760
2 0.578656 0.065104 0.009354 0.031250
0 0.611653 0.316623 0.071509 0.047493
0 0.629315 0.262533 0.065478 0.058047
0 0.627161 0.234169 0.056001 0.046174
0 0.627591 0.213720 0.055140 0.052770
0 0.627161 0.158971 0.031878 0.051451
0 0.558236 0.048153 0.024985 0.030343
0 0.523343 0.075198 0.013785 0.029024
0 0.535405 0.058707 0.018954 0.027704
0 0.369124 0.162269 0.031016 0.055409
0 0.345862 0.188654 0.027570 0.055409
0 0.392386 0.082454 0.032739 0.035620
0 0.363093 0.102902 0.031016 0.044855
0 0.419094 0.050132 0.034462 0.034301
0 0.444941 0.035620 0.034462 0.039578
