0 0.072704 0.690755 0.109694 0.178385
0 0.062075 0.574870 0.105442 0.121094
0 0.057823 0.646484 0.095238 0.110677
0 0.177721 0.611328 0.079932 0.141927
0 0.278486 0.502604 0.082483 0.117188
0 0.167092 0.496094 0.082483 0.104167
0 0.363946 0.416667 0.057823 0.078125
0 0.266156 0.430339 0.059524 0.071615
0 0.417942 0.357422 0.045068 0.066406
0 0.446854 0.300781 0.038265 0.065104
0 0.374575 0.328125 0.029762 0.052083
0 0.421344 0.253255 0.022959 0.066406
0 0.440901 0.197266 0.031463 0.042969
0 0.450255 0.151693 0.029762 0.053385
0 0.472789 0.197917 0.032313 0.041667
0 0.489371 0.075521 0.024660 0.026042
0 0.501701 0.031250 0.027211 0.031250
0 0.526361 0.013021 0.028912 0.031250
2 0.468112 0.095703 0.021259 0.048177
0 0.443452 0.075521 0.039966 0.041667
0 0.410714 0.157552 0.045918 0.049479
2 0.575680 0.062500 0.013605 0.036458
2 0.586310 0.059896 0.009354 0.031250
0 0.032738 0.546875 0.075680 0.104167
0 0.662415 0.046224 0.020408 0.019531
0 0.611653 0.316623 0.071509 0.047493
0 0.629315 0.262533 0.065478 0.058047
0 0.627161 0.234169 0.056001 0.046174
0 0.627591 0.213720 0.055140 0.052770
0 0.627161 0.158971 0.031878 0.051451
0 0.558236 0.048153 0.024985 0.030343
0 0.523343 0.075198 0.013785 0.029024
0 0.535405 0.058707 0.018954 0.027704
0 0.369124 0.162269 0.031016 0.055409
0 0.345862 0.188654 0.027570 0.055409
0 0.392386 0.082454 0.032739 0.035620
0 0.363093 0.102902 0.031016 0.044855
0 0.419094 0.050132 0.034462 0.034301
0 0.444941 0.035620 0.034462 0.039578
