0 0.071854 0.689453 0.109694 0.178385
0 0.061224 0.574870 0.105442 0.121094
0 0.056973 0.649089 0.095238 0.110677
0 0.176871 0.611328 0.079932 0.141927
0 0.278486 0.502604 0.082483 0.117188
0 0.161990 0.497396 0.082483 0.104167
0 0.362245 0.419271 0.057823 0.078125
0 0.263605 0.432943 0.059524 0.071615
0 0.417092 0.357422 0.045068 0.066406
0 0.446003 0.300781 0.039966 0.067708
0 0.371173 0.332031 0.029762 0.052083
0 0.420918 0.254557 0.023810 0.069010
0 0.440051 0.198568 0.031463 0.042969
0 0.450255 0.151693 0.029762 0.053385
0 0.472789 0.203125 0.032313 0.041667
0 0.488946 0.080078 0.025510 0.027344
0 0.501701 0.033854 0.027211 0.031250
0 0.526361 0.015625 0.028912 0.031250
2 0.468112 0.095703 0.021259 0.048177
0 0.445578 0.070312 0.037415 0.039062
0 0.414966 0.148438 0.045918 0.049479
2 0.576956 0.063151 0.014456 0.040365
2 0.588010 0.059896 0.009354 0.031250
0 0.031037 0.546875 0.075680 0.104167
0 0.660714 0.045573 0.022109 0.020833
0 0.611653 0.316623 0.071509 0.047493
0 0.629315 0.262533 0.065478 0.058047
0 0.627161 0.234169 0.056001 0.046174
0 0.627591 0.213720 0.055140 0.052770
0 0.627161 0.158971 0.031878 0.051451
0 0.558236 0.048153 0.024985 0.030343
0 0.523343 0.075198 0.013785 0.029024
0 0.535405 0.058707 0.018954 0.027704
0 0.369124 0.162269 0.031016 0.055409
0 0.345862 0.188654 0.027570 0.055409
0 0.392386 0.082454 0.032739 0.035620
0 0.363093 0.102902 0.031016 0.044855
0 0.419094 0.050132 0.034462 0.034301
0 0.444941 0.035620 0.034462 0.039578
