0 0.069303 0.690755 0.109694 0.178385
0 0.062075 0.573568 0.105442 0.121094
0 0.056122 0.647786 0.095238 0.110677
0 0.176871 0.612630 0.079932 0.141927
0 0.278486 0.505208 0.082483 0.117188
0 0.156888 0.500000 0.082483 0.104167
0 0.361820 0.421224 0.060374 0.082031
0 0.253827 0.438151 0.062075 0.074219
0 0.417092 0.356120 0.045068 0.066406
0 0.445153 0.302083 0.038265 0.065104
0 0.361820 0.342448 0.029762 0.052083
0 0.420068 0.259766 0.023810 0.069010
0 0.440901 0.198568 0.031463 0.042969
0 0.449405 0.154297 0.029762 0.053385
0 0.469813 0.216797 0.033163 0.042969
0 0.486820 0.091146 0.026361 0.028646
0 0.499150 0.037109 0.028912 0.032552
0 0.525085 0.014974 0.029762 0.032552
2 0.467687 0.095703 0.022109 0.050781
0 0.455782 0.055990 0.037415 0.039062
0 0.422619 0.132161 0.044218 0.048177
2 0.580357 0.060547 0.012755 0.035156
2 0.591412 0.058594 0.009354 0.031250
0 0.031037 0.546875 0.075680 0.104167
0 0.611653 0.316623 0.071509 0.047493
0 0.629315 0.262533 0.065478 0.058047
0 0.627161 0.234169 0.056001 0.046174
0 0.627591 0.213720 0.055140 0.052770
0 0.627161 0.158971 0.031878 0.051451
0 0.558236 0.048153 0.024985 0.030343
0 0.523343 0.075198 0.013785 0.029024
0 0.535405 0.058707 0.018954 0.027704
0 0.369124 0.162269 0.031016 0.055409
0 0.345862 0.188654 0.027570 0.055409
0 0.392386 0.082454 0.032739 0.035620
0 0.363093 0.102902 0.031016 0.044855
0 0.419094 0.050132 0.034462 0.034301
0 0.444941 0.035620 0.034462 0.039578
