0 0.065051 0.692057 0.109694 0.178385
0 0.062075 0.577474 0.105442 0.121094
0 0.051871 0.650391 0.095238 0.110677
0 0.178571 0.611328 0.079932 0.141927
0 0.277636 0.503906 0.082483 0.117188
0 0.156037 0.501302 0.082483 0.104167
0 0.360119 0.419922 0.060374 0.082031
0 0.249575 0.442057 0.062075 0.074219
0 0.416241 0.360026 0.045068 0.066406
0 0.445153 0.302083 0.038265 0.065104
0 0.348214 0.359375 0.029762 0.052083
0 0.415816 0.270182 0.023810 0.069010
0 0.439201 0.199870 0.031463 0.042969
0 0.450255 0.152995 0.029762 0.053385
0 0.468537 0.234375 0.039116 0.049479
0 0.486820 0.105469 0.026361 0.028646
0 0.497024 0.042969 0.029762 0.033854
0 0.521684 0.017578 0.029762 0.032552
2 0.466412 0.094401 0.021259 0.048177
0 0.467687 0.039714 0.035714 0.037760
0 0.432398 0.110026 0.039966 0.042969
2 0.587160 0.061849 0.012755 0.035156
2 0.595238 0.057943 0.010204 0.035156
0 0.031037 0.546875 0.075680 0.104167
0 0.611653 0.316623 0.071509 0.047493
0 0.629315 0.262533 0.065478 0.058047
0 0.627161 0.234169 0.056001 0.046174
0 0.627591 0.213720 0.055140 0.052770
0 0.627161 0.158971 0.031878 0.051451
0 0.558236 0.048153 0.024985 0.030343
0 0.523343 0.075198 0.013785 0.029024
0 0.535405 0.058707 0.018954 0.027704
0 0.369124 0.162269 0.031016 0.055409
0 0.345862 0.188654 0.027570 0.055409
0 0.392386 0.082454 0.032739 0.035620
0 0.363093 0.102902 0.031016 0.044855
0 0.419094 0.050132 0.034462 0.034301
0 0.444941 0.035620 0.034462 0.039578
