0 0.062500 0.692057 0.109694 0.178385
0 0.062075 0.577474 0.105442 0.121094
0 0.051871 0.650391 0.095238 0.110677
0 0.177721 0.610026 0.079932 0.141927
0 0.277636 0.503906 0.082483 0.117188
0 0.156888 0.501302 0.082483 0.104167
0 0.360119 0.421224 0.060374 0.082031
0 0.248724 0.442057 0.062075 0.074219
0 0.415391 0.361328 0.045068 0.066406
0 0.443452 0.303385 0.038265 0.065104
0 0.344813 0.363281 0.029762 0.052083
0 0.414116 0.272786 0.023810 0.069010
0 0.439201 0.201172 0.031463 0.042969
0 0.450255 0.152995 0.029762 0.053385
0 0.467687 0.239583 0.039116 0.049479
0 0.484269 0.110677 0.026361 0.028646
0 0.495748 0.044922 0.028912 0.032552
0 0.520833 0.017578 0.029762 0.032552
2 0.466412 0.095703 0.021259 0.048177
0 0.471939 0.031901 0.035714 0.037760
0 0.433673 0.107422 0.037415 0.040365
2 0.587585 0.061198 0.013605 0.036458
2 0.596088 0.057943 0.010204 0.035156
0 0.031037 0.546875 0.075680 0.104167
0 0.632653 0.053385 0.022109 0.020833
0 0.611653 0.316623 0.071509 0.047493
0 0.629315 0.262533 0.065478 0.058047
0 0.627161 0.234169 0.056001 0.046174
0 0.627591 0.213720 0.055140 0.052770
0 0.627161 0.158971 0.031878 0.051451
0 0.558236 0.048153 0.024985 0.030343
0 0.523343 0.075198 0.013785 0.029024
0 0.535405 0.058707 0.018954 0.027704
0 0.369124 0.162269 0.031016 0.055409
0 0.345862 0.188654 0.027570 0.055409
0 0.392386 0.082454 0.032739 0.035620
0 0.363093 0.102902 0.031016 0.044855
0 0.419094 0.050132 0.034462 0.034301
0 0.444941 0.035620 0.034462 0.039578
