0 0.063350 0.692057 0.109694 0.178385
0 0.060374 0.576172 0.105442 0.121094
0 0.051020 0.650391 0.095238 0.110677
0 0.177296 0.611328 0.075680 0.134115
0 0.277636 0.503906 0.082483 0.117188
0 0.154337 0.501302 0.082483 0.104167
0 0.358844 0.423177 0.062925 0.085938
0 0.248724 0.440755 0.062075 0.074219
0 0.413690 0.362630 0.046769 0.069010
0 0.445153 0.303385 0.038265 0.065104
0 0.335034 0.373698 0.032313 0.057292
0 0.409439 0.285156 0.024660 0.072917
0 0.438350 0.202474 0.031463 0.042969
0 0.449405 0.150391 0.029762 0.053385
0 0.462585 0.250000 0.039116 0.049479
0 0.482568 0.125000 0.026361 0.028646
0 0.492772 0.049479 0.029762 0.033854
0 0.515731 0.021484 0.029762 0.032552
2 0.465986 0.095703 0.022109 0.050781
0 0.481293 0.021484 0.034014 0.035156
0 0.436224 0.100911 0.037415 0.040365
2 0.590136 0.058594 0.013605 0.036458
2 0.599065 0.056641 0.011054 0.037760
0 0.031037 0.548177 0.075680 0.104167
0 0.621599 0.054036 0.023810 0.022135
0 0.611653 0.316623 0.071509 0.047493
0 0.629315 0.262533 0.065478 0.058047
0 0.627161 0.234169 0.056001 0.046174
0 0.627591 0.213720 0.055140 0.052770
0 0.627161 0.158971 0.031878 0.051451
0 0.558236 0.048153 0.024985 0.030343
0 0.523343 0.075198 0.013785 0.029024
0 0.535405 0.058707 0.018954 0.027704
0 0.369124 0.162269 0.031016 0.055409
0 0.345862 0.188654 0.027570 0.055409
0 0.392386 0.082454 0.032739 0.035620
0 0.363093 0.102902 0.031016 0.044855
0 0.419094 0.050132 0.034462 0.034301
0 0.444941 0.035620 0.034462 0.039578
