0 0.062500 0.694661 0.109694 0.178385
0 0.061224 0.574870 0.105442 0.121094
0 0.051871 0.650391 0.095238 0.110677
0 0.173044 0.615234 0.079082 0.141927
0 0.277636 0.505208 0.082483 0.117188
0 0.151786 0.501302 0.082483 0.104167
0 0.357143 0.421875 0.062925 0.085938
0 0.248724 0.440755 0.062075 0.074219
0 0.413690 0.362630 0.045068 0.066406
0 0.444303 0.305990 0.038265 0.065104
0 0.329932 0.378906 0.032313 0.057292
0 0.407738 0.290365 0.024660 0.072917
0 0.438350 0.207682 0.031463 0.042969
0 0.451105 0.154297 0.029762 0.053385
0 0.460884 0.256510 0.039116 0.049479
0 0.480017 0.136719 0.026361 0.028646
0 0.492772 0.050781 0.029762 0.033854
0 0.514031 0.024740 0.031463 0.033854
2 0.466837 0.094401 0.022109 0.050781
0 0.488946 0.014974 0.035714 0.037760
0 0.437925 0.098958 0.035714 0.039062
2 0.591837 0.057292 0.013605 0.036458
2 0.599490 0.057943 0.010204 0.035156
0 0.031037 0.545573 0.075680 0.104167
0 0.613946 0.054688 0.025510 0.023438
0 0.611653 0.316623 0.071509 0.047493
0 0.629315 0.262533 0.065478 0.058047
0 0.627161 0.234169 0.056001 0.046174
0 0.627591 0.213720 0.055140 0.052770
0 0.627161 0.158971 0.031878 0.051451
0 0.558236 0.048153 0.024985 0.030343
0 0.523343 0.075198 0.013785 0.029024
0 0.535405 0.058707 0.018954 0.027704
0 0.369124 0.162269 0.031016 0.055409
0 0.345862 0.188654 0.027570 0.055409
0 0.392386 0.082454 0.032739 0.035620
0 0.363093 0.102902 0.031016 0.044855
0 0.419094 0.050132 0.034462 0.034301
0 0.444941 0.035620 0.034462 0.039578
