0 0.063350 0.694661 0.109694 0.178385
0 0.062075 0.577474 0.105442 0.121094
0 0.051871 0.650391 0.095238 0.110677
0 0.164116 0.625651 0.095238 0.167969
0 0.274235 0.509115 0.082483 0.117188
0 0.149235 0.503906 0.082483 0.104167
0 0.357143 0.420573 0.062925 0.085938
0 0.248299 0.440755 0.059524 0.071615
0 0.413690 0.361328 0.045068 0.066406
0 0.444303 0.307292 0.038265 0.065104
0 0.323980 0.384115 0.032313 0.057292
0 0.403061 0.298828 0.023810 0.069010
0 0.437500 0.211589 0.031463 0.042969
0 0.448980 0.154297 0.030612 0.055990
0 0.460034 0.261719 0.039116 0.049479
0 0.480017 0.157552 0.031463 0.049479
0 0.491071 0.058594 0.029762 0.033854
0 0.509779 0.027344 0.031463 0.033854
2 0.467687 0.093099 0.022109 0.050781
0 0.494898 0.009766 0.035714 0.037760
0 0.437925 0.097656 0.035714 0.039062
2 0.590136 0.057292 0.013605 0.036458
0 0.031037 0.548177 0.075680 0.104167
0 0.611653 0.316623 0.071509 0.047493
0 0.629315 0.262533 0.065478 0.058047
0 0.627161 0.234169 0.056001 0.046174
0 0.627591 0.213720 0.055140 0.052770
0 0.627161 0.158971 0.031878 0.051451
0 0.558236 0.048153 0.024985 0.030343
0 0.523343 0.075198 0.013785 0.029024
0 0.535405 0.058707 0.018954 0.027704
0 0.369124 0.162269 0.031016 0.055409
0 0.345862 0.188654 0.027570 0.055409
0 0.392386 0.082454 0.032739 0.035620
0 0.363093 0.102902 0.031016 0.044855
0 0.419094 0.050132 0.034462 0.034301
0 0.444941 0.035620 0.034462 0.039578
