0 0.062500 0.693359 0.109694 0.178385
0 0.060374 0.573568 0.105442 0.121094
0 0.051446 0.647786 0.099490 0.115885
0 0.163265 0.625651 0.095238 0.167969
0 0.272534 0.517578 0.084184 0.134115
0 0.146684 0.502604 0.082483 0.104167
0 0.356293 0.420573 0.062925 0.085938
0 0.248724 0.439453 0.062075 0.074219
0 0.414541 0.361328 0.046769 0.069010
0 0.443452 0.308594 0.038265 0.065104
0 0.321854 0.386719 0.058673 0.078125
0 0.389456 0.322266 0.039116 0.061198
0 0.431548 0.228516 0.031463 0.042969
0 0.443027 0.169922 0.030612 0.055990
0 0.456633 0.270833 0.039116 0.049479
0 0.470238 0.205078 0.037415 0.069010
0 0.485969 0.085938 0.029762 0.033854
0 0.500850 0.042969 0.034014 0.036458
2 0.466412 0.093099 0.021259 0.048177
0 0.439626 0.089844 0.035714 0.039062
0 0.030187 0.544271 0.075680 0.104167
0 0.579507 0.059896 0.031463 0.023438
0 0.611653 0.316623 0.071509 0.047493
0 0.629315 0.262533 0.065478 0.058047
0 0.627161 0.234169 0.056001 0.046174
0 0.627591 0.213720 0.055140 0.052770
0 0.627161 0.158971 0.031878 0.051451
0 0.558236 0.048153 0.024985 0.030343
0 0.523343 0.075198 0.013785 0.029024
0 0.535405 0.058707 0.018954 0.027704
0 0.369124 0.162269 0.031016 0.055409
0 0.345862 0.188654 0.027570 0.055409
0 0.392386 0.082454 0.032739 0.035620
0 0.363093 0.102902 0.031016 0.044855
0 0.419094 0.050132 0.034462 0.034301
0 0.444941 0.035620 0.034462 0.039578
