0 0.060374 0.573568 0.105442 0.121094
0 0.048895 0.649089 0.099490 0.115885
0 0.159014 0.629557 0.095238 0.167969
0 0.269983 0.518880 0.084184 0.134115
0 0.146684 0.503906 0.082483 0.104167
0 0.350765 0.429036 0.065476 0.089844
0 0.247874 0.439453 0.062075 0.074219
0 0.413690 0.358724 0.048469 0.071615
0 0.443452 0.308594 0.038265 0.065104
0 0.320578 0.386068 0.061224 0.082031
0 0.373299 0.343099 0.039116 0.061198
0 0.419643 0.271484 0.031463 0.042969
0 0.433673 0.207682 0.030612 0.055990
0 0.455782 0.272135 0.039116 0.049479
0 0.466837 0.216797 0.037415 0.069010
0 0.475340 0.163411 0.037415 0.042969
0 0.488095 0.108724 0.045918 0.048177
2 0.466412 0.097005 0.026361 0.061198
0 0.477891 0.027344 0.028912 0.031250
0 0.030187 0.542969 0.075680 0.104167
0 0.600340 0.122396 0.022109 0.036458
0 0.496173 0.057292 0.029762 0.036458
0 0.505527 0.020182 0.024660 0.027344
0 0.611653 0.316623 0.071509 0.047493
0 0.629315 0.262533 0.065478 0.058047
0 0.627161 0.234169 0.056001 0.046174
0 0.627591 0.213720 0.055140 0.052770
0 0.627161 0.158971 0.031878 0.051451
0 0.558236 0.048153 0.024985 0.030343
0 0.523343 0.075198 0.013785 0.029024
0 0.535405 0.058707 0.018954 0.027704
0 0.369124 0.162269 0.031016 0.055409
0 0.345862 0.188654 0.027570 0.055409
0 0.392386 0.082454 0.032739 0.035620
0 0.363093 0.102902 0.031016 0.044855
0 0.419094 0.050132 0.034462 0.034301
0 0.444941 0.035620 0.034462 0.039578
