0 0.058673 0.574870 0.105442 0.121094
0 0.049745 0.650391 0.099490 0.115885
0 0.147534 0.641927 0.104592 0.184896
0 0.264881 0.524740 0.087585 0.140625
0 0.128827 0.509115 0.082483 0.104167
0 0.347789 0.432292 0.062925 0.085938
0 0.247874 0.438151 0.062075 0.074219
0 0.413690 0.360026 0.048469 0.071615
0 0.444303 0.307292 0.038265 0.065104
0 0.321003 0.386719 0.058673 0.078125
0 0.373299 0.343099 0.039116 0.061198
0 0.417092 0.277995 0.031463 0.042969
0 0.431122 0.216797 0.030612 0.055990
0 0.455782 0.272135 0.039116 0.049479
0 0.467687 0.219401 0.035714 0.066406
0 0.474065 0.167969 0.041667 0.046875
0 0.484694 0.124349 0.051020 0.053385
2 0.466837 0.093750 0.023810 0.054688
0 0.030187 0.545573 0.075680 0.104167
0 0.590561 0.141276 0.022959 0.037760
0 0.493622 0.071615 0.029762 0.036458
0 0.497024 0.029297 0.024660 0.027344
0 0.319303 0.317708 0.063776 0.075521
0 0.611653 0.316623 0.071509 0.047493
0 0.629315 0.262533 0.065478 0.058047
0 0.627161 0.234169 0.056001 0.046174
0 0.627591 0.213720 0.055140 0.052770
0 0.627161 0.158971 0.031878 0.051451
0 0.558236 0.048153 0.024985 0.030343
0 0.523343 0.075198 0.013785 0.029024
0 0.535405 0.058707 0.018954 0.027704
0 0.369124 0.162269 0.031016 0.055409
0 0.345862 0.188654 0.027570 0.055409
0 0.392386 0.082454 0.032739 0.035620
0 0.363093 0.102902 0.031016 0.044855
0 0.419094 0.050132 0.034462 0.034301
0 0.444941 0.035620 0.034462 0.039578
