0 0.059524 0.576172 0.105442 0.121094
0 0.048044 0.647786 0.099490 0.115885
0 0.146684 0.643229 0.104592 0.184896
0 0.262330 0.527344 0.087585 0.140625
0 0.125850 0.510417 0.078231 0.098958
0 0.346088 0.432292 0.062925 0.085938
0 0.247024 0.439453 0.062075 0.074219
0 0.413690 0.358724 0.048469 0.071615
0 0.444303 0.307292 0.038265 0.065104
0 0.321003 0.385417 0.058673 0.078125
0 0.371599 0.341797 0.039116 0.061198
0 0.416241 0.279297 0.031463 0.042969
0 0.431122 0.218099 0.030612 0.055990
0 0.454082 0.272135 0.039116 0.049479
0 0.466837 0.218099 0.035714 0.066406
0 0.474065 0.169271 0.041667 0.046875
0 0.482993 0.126953 0.051020 0.053385
2 0.465986 0.092448 0.023810 0.054688
0 0.030187 0.542969 0.075680 0.104167
0 0.590606 0.143203 0.029852 0.041718
0 0.490221 0.075521 0.029762 0.036458
0 0.495323 0.033203 0.024660 0.027344
0 0.328656 0.307292 0.060374 0.072917
0 0.611653 0.316623 0.071509 0.047493
0 0.629315 0.262533 0.065478 0.058047
0 0.627161 0.234169 0.056001 0.046174
0 0.627591 0.213720 0.055140 0.052770
0 0.627161 0.158971 0.031878 0.051451
0 0.558236 0.048153 0.024985 0.030343
0 0.523343 0.075198 0.013785 0.029024
0 0.535405 0.058707 0.018954 0.027704
0 0.369124 0.162269 0.031016 0.055409
0 0.345862 0.188654 0.027570 0.055409
0 0.392386 0.082454 0.032739 0.035620
0 0.363093 0.102902 0.031016 0.044855
0 0.419094 0.050132 0.034462 0.034301
0 0.444941 0.035620 0.034462 0.039578
