0 0.057823 0.576172 0.105442 0.121094
0 0.046344 0.647786 0.099490 0.115885
0 0.097364 0.703125 0.126701 0.179688
0 0.239371 0.547526 0.101190 0.162760
0 0.105867 0.518229 0.073980 0.093750
0 0.337160 0.440755 0.065476 0.089844
0 0.247024 0.438151 0.062075 0.074219
0 0.409439 0.366536 0.048469 0.071615
0 0.444303 0.307292 0.038265 0.065104
0 0.321854 0.388021 0.058673 0.078125
0 0.371599 0.343099 0.040816 0.063802
0 0.413690 0.285807 0.031463 0.042969
0 0.429422 0.222005 0.030612 0.055990
0 0.454082 0.272135 0.039116 0.049479
0 0.465986 0.218099 0.035714 0.066406
0 0.473214 0.175781 0.041667 0.046875
0 0.480017 0.139974 0.053571 0.055990
0 0.030187 0.546875 0.075680 0.104167
0 0.551871 0.171224 0.030612 0.042969
0 0.482568 0.104167 0.029762 0.036458
0 0.481718 0.055339 0.026361 0.029948
0 0.386054 0.200521 0.044218 0.052083
0 0.611653 0.316623 0.071509 0.047493
0 0.629315 0.262533 0.065478 0.058047
0 0.627161 0.234169 0.056001 0.046174
0 0.627591 0.213720 0.055140 0.052770
0 0.627161 0.158971 0.031878 0.051451
0 0.558236 0.048153 0.024985 0.030343
0 0.523343 0.075198 0.013785 0.029024
0 0.535405 0.058707 0.018954 0.027704
0 0.369124 0.162269 0.031016 0.055409
0 0.345862 0.188654 0.027570 0.055409
0 0.392386 0.082454 0.032739 0.035620
0 0.363093 0.102902 0.031016 0.044855
0 0.419094 0.050132 0.034462 0.034301
0 0.444941 0.035620 0.034462 0.039578
