0 0.058673 0.576172 0.105442 0.121094
0 0.046344 0.647786 0.099490 0.115885
0 0.096088 0.706380 0.132653 0.188802
0 0.226616 0.564453 0.096088 0.154948
0 0.099065 0.520833 0.073980 0.093750
0 0.333759 0.445964 0.065476 0.089844
0 0.249620 0.447369 0.068967 0.090050
0 0.406888 0.370443 0.050170 0.074219
0 0.444303 0.307292 0.038265 0.065104
0 0.321854 0.388021 0.058673 0.078125
0 0.370748 0.341797 0.040816 0.063802
0 0.412840 0.287109 0.031463 0.042969
0 0.430272 0.222005 0.030612 0.055990
0 0.454932 0.272135 0.039116 0.049479
0 0.465986 0.220052 0.034014 0.062500
0 0.474065 0.177083 0.041667 0.046875
0 0.479592 0.141276 0.056122 0.058594
0 0.031037 0.546875 0.075680 0.104167
0 0.545068 0.180339 0.030612 0.042969
0 0.478741 0.110026 0.030612 0.037760
0 0.480017 0.059245 0.026361 0.029948
0 0.394133 0.185547 0.041667 0.050781
0 0.611653 0.316623 0.071509 0.047493
0 0.629315 0.262533 0.065478 0.058047
0 0.627161 0.234169 0.056001 0.046174
0 0.627591 0.213720 0.055140 0.052770
0 0.627161 0.158971 0.031878 0.051451
0 0.558236 0.048153 0.024985 0.030343
0 0.523343 0.075198 0.013785 0.029024
0 0.535405 0.058707 0.018954 0.027704
0 0.369124 0.162269 0.031016 0.055409
0 0.345862 0.188654 0.027570 0.055409
0 0.392386 0.082454 0.032739 0.035620
0 0.363093 0.102902 0.031016 0.044855
0 0.419094 0.050132 0.034462 0.034301
0 0.444941 0.035620 0.034462 0.039578
