0 0.056122 0.574870 0.105442 0.121094
0 0.048044 0.646484 0.099490 0.115885
0 0.074405 0.720703 0.125000 0.149740
0 0.195578 0.595703 0.091837 0.147135
0 0.057823 0.561849 0.102041 0.121094
0 0.315901 0.464844 0.068878 0.093750
0 0.247874 0.443359 0.065476 0.084635
0 0.377976 0.409505 0.050170 0.074219
0 0.416667 0.343750 0.045918 0.078125
0 0.321854 0.386719 0.058673 0.078125
0 0.369898 0.343099 0.042517 0.066406
0 0.412840 0.284505 0.031463 0.042969
0 0.428571 0.227214 0.030612 0.055990
0 0.448980 0.286458 0.039116 0.049479
0 0.465136 0.218750 0.034014 0.062500
0 0.474065 0.177083 0.041667 0.046875
0 0.479592 0.147786 0.025510 0.042969
0 0.398384 0.679036 0.087585 0.126302
0 0.441752 0.175130 0.033163 0.040365
0 0.517007 0.168620 0.028912 0.032552
0 0.505102 0.044271 0.022109 0.033854
0 0.518282 0.026693 0.017857 0.029948
0 0.542517 0.012370 0.020408 0.019531
0 0.611653 0.316623 0.071509 0.047493
0 0.629315 0.262533 0.065478 0.058047
0 0.627161 0.234169 0.056001 0.046174
0 0.627591 0.213720 0.055140 0.052770
0 0.627161 0.158971 0.031878 0.051451
0 0.558236 0.048153 0.024985 0.030343
0 0.523343 0.075198 0.013785 0.029024
0 0.535405 0.058707 0.018954 0.027704
0 0.369124 0.162269 0.031016 0.055409
0 0.345862 0.188654 0.027570 0.055409
0 0.392386 0.082454 0.032739 0.035620
0 0.363093 0.102902 0.031016 0.044855
0 0.419094 0.050132 0.034462 0.034301
0 0.444941 0.035620 0.034462 0.039578
