0 0.063776 0.719401 0.110544 0.147135
0 0.061650 0.650391 0.094388 0.128906
0 0.061650 0.580078 0.109694 0.147135
0 0.031037 0.557292 0.075680 0.109375
0 0.177296 0.608073 0.097789 0.153646
0 0.143282 0.502604 0.073980 0.098958
0 0.296344 0.485677 0.065476 0.101562
0 0.251701 0.444661 0.073129 0.102865
0 0.373724 0.416016 0.058673 0.079427
0 0.350765 0.369141 0.060374 0.066406
0 0.414116 0.356120 0.045918 0.074219
0 0.402211 0.294922 0.044218 0.069010
0 0.440476 0.316406 0.037415 0.078125
0 0.428571 0.230469 0.027211 0.059896
0 0.454507 0.257161 0.033163 0.066406
0 0.440051 0.182943 0.033163 0.058594
0 0.473214 0.175781 0.031463 0.044271
0 0.467262 0.224609 0.034864 0.048177
2 0.456633 0.088542 0.018707 0.046875
0 0.517857 0.026693 0.020408 0.027344
0 0.538265 0.016927 0.022109 0.026042
0 0.430697 0.087240 0.028061 0.046875
0 0.474490 0.066406 0.022109 0.036458
0 0.449405 0.151042 0.029762 0.039062
0 0.486820 0.036458 0.024660 0.031250
0 0.611653 0.316623 0.071509 0.047493
0 0.629315 0.262533 0.065478 0.058047
0 0.627161 0.234169 0.056001 0.046174
0 0.627591 0.213720 0.055140 0.052770
0 0.627161 0.158971 0.031878 0.051451
0 0.558236 0.048153 0.024985 0.030343
0 0.523343 0.075198 0.013785 0.029024
0 0.535405 0.058707 0.018954 0.027704
0 0.369124 0.162269 0.031016 0.055409
0 0.345862 0.188654 0.027570 0.055409
0 0.392386 0.082454 0.032739 0.035620
0 0.363093 0.102902 0.031016 0.044855
0 0.419094 0.050132 0.034462 0.034301
0 0.444941 0.035620 0.034462 0.039578
