0 0.062925 0.719401 0.110544 0.147135
0 0.061650 0.651693 0.094388 0.128906
0 0.061650 0.581380 0.109694 0.147135
0 0.029337 0.555990 0.075680 0.109375
0 0.178146 0.608073 0.097789 0.153646
0 0.144133 0.502604 0.073980 0.098958
0 0.295493 0.486979 0.065476 0.101562
0 0.235544 0.453776 0.073129 0.102865
0 0.366922 0.424479 0.067177 0.091146
0 0.329932 0.389323 0.068027 0.078125
0 0.415391 0.356771 0.043367 0.070312
0 0.389456 0.315755 0.042517 0.066406
0 0.440901 0.318359 0.034864 0.074219
0 0.426446 0.240234 0.028061 0.063802
0 0.454507 0.257161 0.033163 0.066406
0 0.441752 0.188802 0.031463 0.054688
0 0.472364 0.177083 0.031463 0.044271
0 0.468112 0.224609 0.034864 0.048177
2 0.428571 0.164062 0.020408 0.049479
0 0.518707 0.025391 0.020408 0.027344
0 0.539116 0.016927 0.022109 0.026042
0 0.490646 0.108073 0.022109 0.036458
0 0.446854 0.161458 0.029762 0.039062
0 0.477891 0.054036 0.025510 0.032552
0 0.510629 0.182292 0.046769 0.057292
2 0.457058 0.089844 0.012755 0.036458
0 0.611653 0.316623 0.071509 0.047493
0 0.629315 0.262533 0.065478 0.058047
0 0.627161 0.234169 0.056001 0.046174
0 0.627591 0.213720 0.055140 0.052770
0 0.627161 0.158971 0.031878 0.051451
0 0.558236 0.048153 0.024985 0.030343
0 0.523343 0.075198 0.013785 0.029024
0 0.535405 0.058707 0.018954 0.027704
0 0.369124 0.162269 0.031016 0.055409
0 0.345862 0.188654 0.027570 0.055409
0 0.392386 0.082454 0.032739 0.035620
0 0.363093 0.102902 0.031016 0.044855
0 0.419094 0.050132 0.034462 0.034301
0 0.444941 0.035620 0.034462 0.039578
