0 0.062075 0.719401 0.110544 0.147135
0 0.060799 0.647786 0.094388 0.128906
0 0.061650 0.583984 0.109694 0.147135
0 0.028486 0.555990 0.075680 0.109375
0 0.176446 0.605469 0.097789 0.153646
0 0.144133 0.502604 0.073980 0.098958
0 0.293793 0.483073 0.065476 0.101562
0 0.234694 0.455078 0.073129 0.102865
0 0.363520 0.421875 0.067177 0.091146
0 0.326531 0.393880 0.071429 0.082031
0 0.413690 0.354167 0.043367 0.070312
0 0.383503 0.322266 0.044218 0.069010
0 0.440051 0.317057 0.034864 0.074219
0 0.421344 0.251953 0.028061 0.063802
0 0.453656 0.257161 0.033163 0.066406
0 0.438350 0.192708 0.031463 0.054688
0 0.472364 0.177083 0.031463 0.044271
0 0.468112 0.224609 0.034864 0.048177
2 0.428146 0.164714 0.021259 0.050781
0 0.518707 0.024089 0.020408 0.027344
0 0.537415 0.015625 0.022109 0.026042
0 0.504252 0.147135 0.023810 0.039062
0 0.444303 0.166667 0.029762 0.039062
0 0.474490 0.069661 0.028912 0.037760
0 0.516156 0.232422 0.054422 0.066406
2 0.455357 0.087240 0.012755 0.036458
0 0.484694 0.031901 0.022109 0.037760
0 0.482143 0.022786 0.023810 0.024740
0 0.611653 0.316623 0.071509 0.047493
0 0.629315 0.262533 0.065478 0.058047
0 0.627161 0.234169 0.056001 0.046174
0 0.627591 0.213720 0.055140 0.052770
0 0.627161 0.158971 0.031878 0.051451
0 0.558236 0.048153 0.024985 0.030343
0 0.523343 0.075198 0.013785 0.029024
0 0.535405 0.058707 0.018954 0.027704
0 0.369124 0.162269 0.031016 0.055409
0 0.345862 0.188654 0.027570 0.055409
0 0.392386 0.082454 0.032739 0.035620
0 0.363093 0.102902 0.031016 0.044855
0 0.419094 0.050132 0.034462 0.034301
0 0.444941 0.035620 0.034462 0.039578
