0 0.011051 0.152500 0.045261 0.055000
0 0.446116 0.470000 0.111684 0.081111
0 0.110000 0.180811 0.095789 0.078111
0 0.011684 0.161111 0.040000 0.011111
0 0.100526 0.118111 0.016842 0.040000
0 0.265261 0.595000 0.429474 0.240000
1 0.911684 0.118111 0.029474 0.011111
0 0.064211 0.259167 0.040000 0.051667
0 0.648947 0.524167 0.111579 0.091667
0 0.657168 0.585811 0.171579 0.108111
0 0.916842 0.571667 0.101158 0.106667
1 0.857168 0.514167 0.051684 0.048111
0 0.946165 0.820000 0.128120 0.121111
2 0.860691 0.515871 0.017544 0.074074
