0 0.011051 0.152500 0.045261 0.055000
0 0.445261 0.470000 0.111684 0.081111
0 0.110000 0.180811 0.095789 0.078111
0 0.012612 0.161111 0.040000 0.011111
0 0.100526 0.117500 0.018947 0.041667
0 0.270526 0.595000 0.429474 0.240000
1 0.911684 0.120000 0.029474 0.011111
0 0.065261 0.259167 0.017895 0.048111
0 0.648947 0.525811 0.111579 0.091667
0 0.656116 0.585811 0.171579 0.108111
0 0.916842 0.575000 0.101158 0.106667
1 0.856116 0.512500 0.051684 0.048111
0 0.945789 0.820000 0.127168 0.121111
2 0.861947 0.510582 0.015018 0.084656
