0 0.030000 0.347500 0.045263 0.055000
0 0.445263 0.470000 0.113684 0.083333
0 0.123684 0.377500 0.095789 0.078333
0 0.032632 0.163333 0.040000 0.033333
0 0.099474 0.137500 0.038947 0.041667
0 0.250526 0.593333 0.408421 0.230000
1 0.933684 0.320000 0.029474 0.033333
0 0.063158 0.255833 0.037895 0.048333
0 0.627895 0.524167 0.131579 0.091667
0 0.642632 0.590000 0.163158 0.103333
0 0.935739 0.576667 0.115689 0.106667
1 0.844737 0.534167 0.053684 0.048333
0 0.927577 0.820000 0.154102 0.123333
2 0.848321 0.510979 0.023926 0.083333
