0 0.027895 0.117500 0.045261 0.055000
0 0.445261 0.470000 0.111684 0.081111
0 0.118789 0.172500 0.082421 0.078111
0 0.012612 0.161111 0.040000 0.011111
0 0.099474 0.117500 0.018947 0.041667
0 0.216525 0.569815 0.408421 0.210000
1 0.914717 0.120000 0.029474 0.011111
0 0.064211 0.252500 0.017895 0.048111
0 0.581684 0.524167 0.111579 0.091667
0 0.614211 0.588111 0.161158 0.101111
0 0.921579 0.578111 0.114717 0.106667
1 0.822105 0.518111 0.056842 0.050000
0 0.891414 0.818111 0.216141 0.121111
2 0.822089 0.515979 0.021158 0.081111
