0 0.028947 0.334167 0.043158 0.051667
0 0.446316 0.470000 0.113684 0.083333
0 0.113684 0.369167 0.082105 0.078333
0 0.032632 0.161667 0.040000 0.033333
0 0.099474 0.138333 0.041053 0.043333
0 0.227368 0.568333 0.408421 0.230000
1 0.934737 0.321667 0.029474 0.033333
0 0.064211 0.247500 0.037895 0.048333
0 0.561579 0.521667 0.125263 0.086667
0 0.596316 0.587500 0.171579 0.108333
0 0.913158 0.580000 0.114737 0.106667
1 0.805263 0.540000 0.058947 0.053333
0 0.861579 0.818333 0.215789 0.123333
2 0.811821 0.511905 0.015038 0.076720
