0 0.028947 0.129167 0.041158 0.051667
0 0.445261 0.470000 0.111684 0.081111
0 0.109474 0.164167 0.082105 0.078111
0 0.011684 0.161667 0.040000 0.011111
0 0.099474 0.118111 0.041051 0.041111
0 0.212612 0.561111 0.408421 0.210000
1 0.915789 0.118111 0.029474 0.011111
0 0.064211 0.247500 0.017895 0.048111
0 0.550114 0.520000 0.125261 0.086667
0 0.582612 0.586667 0.161158 0.101111
0 0.902612 0.581111 0.114717 0.106667
1 0.790526 0.541111 0.058947 0.051111
0 0.826842 0.818111 0.215789 0.121111
2 0.795489 0.519601 0.014717 0.076667
