0 0.027895 0.105811 0.041051 0.048111
0 0.446116 0.471667 0.111684 0.081111
0 0.088947 0.116667 0.074717 0.070000
0 0.011684 0.161111 0.040000 0.011111
0 0.099474 0.119167 0.018947 0.041667
0 0.152189 0.516019 0.101475 0.196429
1 0.914717 0.120000 0.029474 0.011111
0 0.061158 0.211111 0.015789 0.046667
0 0.421579 0.502500 0.118947 0.081667
0 0.491158 0.571111 0.161158 0.101111
0 0.851417 0.592500 0.110242 0.111667
1 0.694717 0.550811 0.065261 0.058111
0 0.620526 0.808111 0.215789 0.121111
2 0.699875 0.529101 0.026714 0.076720
