0 0.027895 0.297500 0.041051 0.048111
0 0.447895 0.467500 0.108421 0.078111
0 0.091051 0.110000 0.060000 0.070000
0 0.014717 0.161111 0.040000 0.011111
0 0.099474 0.119167 0.018947 0.041667
0 0.115789 0.510000 0.288421 0.186667
1 0.915789 0.120000 0.029474 0.011111
0 0.062105 0.210000 0.015789 0.046667
0 0.181579 0.497500 0.112612 0.078111
0 0.465789 0.572500 0.171579 0.108111
0 0.811051 0.592500 0.129474 0.111667
1 0.660526 0.547500 0.068421 0.061667
0 0.550000 0.801111 0.215789 0.121111
2 0.666149 0.525811 0.025261 0.071667
