0 0.028947 0.299167 0.041051 0.048111
0 0.447895 0.465811 0.108421 0.078111
0 0.091051 0.111667 0.060000 0.070000
0 0.014717 0.161111 0.040000 0.011111
0 0.099474 0.119167 0.018947 0.041667
0 0.114717 0.506667 0.288421 0.186667
1 0.915789 0.118111 0.029474 0.011111
0 0.061158 0.210000 0.015789 0.046667
0 0.181051 0.491667 0.107168 0.071111
0 0.465789 0.570000 0.180000 0.111111
0 0.810000 0.594167 0.129474 0.111667
1 0.659474 0.545811 0.068421 0.061667
0 0.548947 0.801111 0.215789 0.121111
2 0.665261 0.525811 0.025261 0.071667
