0 0.027895 0.294167 0.041053 0.048333
0 0.447895 0.469167 0.108421 0.078333
0 0.090000 0.328333 0.060000 0.070000
0 0.034737 0.163333 0.040000 0.033333
0 0.099474 0.139167 0.038947 0.041667
0 0.125789 0.500000 0.274737 0.176667
1 0.935789 0.320000 0.029474 0.033333
0 0.062105 0.227500 0.033684 0.045000
0 0.362105 0.490000 0.107368 0.073333
0 0.451053 0.570000 0.180000 0.113333
0 0.819474 0.595833 0.129474 0.111667
1 0.643684 0.549167 0.068421 0.061667
0 0.514211 0.803333 0.215789 0.123333
2 0.647026 0.526667 0.026316 0.076667
