0 0.010000 0.290811 0.041051 0.048111
0 0.446116 0.468111 0.111684 0.081111
0 0.086842 0.125000 0.060000 0.070000
0 0.011684 0.161111 0.040000 0.011111
0 0.099474 0.119167 0.018947 0.041667
0 0.115261 0.496667 0.274717 0.176667
1 0.914717 0.120000 0.029474 0.011111
0 0.062105 0.225811 0.011684 0.045000
0 0.158195 0.496905 0.107168 0.071111
0 0.461612 0.574947 0.119064 0.111111
0 0.807895 0.597500 0.129474 0.111667
1 0.624717 0.549167 0.068421 0.061667
0 0.488429 0.802500 0.202089 0.128111
2 0.614127 0.528677 0.026116 0.076667
