0 0.030000 0.287500 0.041053 0.048333
0 0.445263 0.466667 0.113684 0.083333
0 0.084737 0.320000 0.062105 0.073333
0 0.032632 0.161667 0.040000 0.033333
0 0.098421 0.137500 0.038947 0.041667
0 0.108947 0.495000 0.274737 0.176667
1 0.934737 0.320000 0.029474 0.033333
0 0.061053 0.224167 0.033684 0.045000
0 0.340000 0.493333 0.107368 0.073333
0 0.444244 0.573333 0.147302 0.113333
0 0.796316 0.597500 0.129474 0.111667
1 0.607895 0.547500 0.068421 0.061667
0 0.453158 0.802500 0.201053 0.128333
2 0.613943 0.520741 0.026316 0.076667
