0 0.011051 0.277500 0.041051 0.048111
0 0.445261 0.466667 0.111684 0.081111
0 0.082612 0.111667 0.062105 0.071111
0 0.012612 0.161111 0.040000 0.011111
0 0.098421 0.117500 0.018947 0.041667
0 0.081158 0.478111 0.248421 0.160000
1 0.914717 0.120000 0.029474 0.011111
0 0.058947 0.219167 0.011684 0.045000
0 0.281684 0.480000 0.112612 0.076667
0 0.405789 0.565000 0.146116 0.111111
0 0.758421 0.600000 0.115789 0.116667
1 0.554211 0.540811 0.068421 0.061667
0 0.144717 0.795811 0.201051 0.128111
2 0.560276 0.511001 0.010058 0.071667
