0 0.010000 0.274167 0.041051 0.048111
0 0.445261 0.466667 0.111684 0.081111
0 0.082612 0.106667 0.062105 0.071111
0 0.012612 0.161111 0.040000 0.011111
0 0.098421 0.117500 0.018947 0.041667
0 0.078421 0.472500 0.216842 0.151667
1 0.914717 0.120000 0.029474 0.011111
0 0.056842 0.215811 0.011684 0.045000
0 0.265789 0.475000 0.112612 0.076667
0 0.192105 0.561667 0.146116 0.111111
0 0.744717 0.601111 0.115789 0.116667
1 0.517168 0.519167 0.068421 0.061667
0 0.108421 0.795811 0.191579 0.121667
2 0.541818 0.517844 0.029474 0.071667
