0 0.011051 0.269167 0.041051 0.048111
0 0.445261 0.466667 0.111684 0.081111
0 0.081579 0.101111 0.062105 0.071111
0 0.012612 0.161111 0.040000 0.011111
0 0.098421 0.117500 0.018947 0.041667
0 0.096190 0.490992 0.165948 0.196587
1 0.914211 0.120811 0.010526 0.015000
0 0.056842 0.214167 0.011684 0.045000
0 0.248947 0.468111 0.112612 0.076667
0 0.179474 0.560000 0.146116 0.111111
0 0.712105 0.601667 0.115789 0.116667
1 0.518947 0.516667 0.071579 0.061111
0 0.272612 0.792500 0.181158 0.115000
2 0.522621 0.511512 0.029474 0.071667
