0 0.011051 0.265811 0.041051 0.048111
0 0.444211 0.466667 0.111684 0.081111
0 0.081579 0.296667 0.062105 0.071111
0 0.012612 0.161111 0.040000 0.011111
0 0.098947 0.118111 0.040000 0.041111
0 0.076116 0.479167 0.165261 0.195000
1 0.911158 0.119167 0.010526 0.015000
0 0.052612 0.210811 0.011684 0.045000
0 0.211684 0.458111 0.117895 0.080000
0 0.160802 0.552500 0.142657 0.101667
0 0.701684 0.601667 0.115789 0.116667
1 0.481684 0.514167 0.068421 0.061667
0 0.196842 0.794167 0.181158 0.115000
2 0.507895 0.510000 0.026116 0.076667
0 0.919282 0.821111 0.118561 0.126667
