0 0.012105 0.265811 0.041051 0.048111
0 0.444211 0.468111 0.111684 0.081111
0 0.081579 0.296667 0.062105 0.071111
0 0.011684 0.161667 0.040000 0.011111
0 0.099474 0.117500 0.018947 0.041667
0 0.076842 0.481111 0.157895 0.186667
1 0.914211 0.120811 0.010526 0.015000
0 0.052612 0.212500 0.011684 0.045000
0 0.215789 0.458111 0.117895 0.080000
0 0.159474 0.550811 0.142105 0.101667
0 0.701684 0.601667 0.115789 0.116667
1 0.482612 0.512500 0.064211 0.058111
0 0.189474 0.794167 0.181158 0.115000
2 0.489900 0.517897 0.024211 0.071667
0 0.918947 0.821111 0.117895 0.126667
