0 0.032105 0.262500 0.041053 0.048333
0 0.444211 0.470000 0.113684 0.083333
0 0.081579 0.293333 0.062105 0.073333
0 0.033684 0.161667 0.040000 0.033333
0 0.099474 0.137500 0.038947 0.041667
0 0.067368 0.475000 0.157895 0.186667
1 0.934211 0.320833 0.030526 0.035000
0 0.052632 0.210833 0.031579 0.041667
0 0.201579 0.453333 0.112632 0.076667
0 0.348947 0.549167 0.142105 0.101667
0 0.691053 0.603333 0.135789 0.116667
1 0.466842 0.529167 0.064211 0.058333
0 0.156842 0.792500 0.183158 0.115000
2 0.473292 0.510886 0.024211 0.071667
0 0.928471 0.823333 0.157995 0.126667
