0 0.032105 0.255833 0.041053 0.048333
0 0.445263 0.468333 0.113684 0.083333
0 0.080526 0.286667 0.060000 0.070000
0 0.033684 0.161667 0.040000 0.033333
0 0.099474 0.137500 0.038947 0.041667
0 0.050526 0.465000 0.157895 0.186667
1 0.935263 0.320833 0.030526 0.035000
0 0.047368 0.207500 0.031579 0.041667
0 0.189156 0.440688 0.107368 0.073333
0 0.325789 0.544167 0.142105 0.101667
0 0.661579 0.603333 0.135789 0.116667
1 0.432632 0.522500 0.061053 0.055000
0 0.083684 0.785833 0.203158 0.131667
2 0.439474 0.504167 0.024211 0.071667
0 0.888421 0.823333 0.214737 0.126667
