0 0.014211 0.247500 0.018947 0.045000
0 0.444211 0.466667 0.111684 0.081111
0 0.079474 0.280000 0.060000 0.070000
0 0.011684 0.161667 0.040000 0.011111
0 0.099474 0.117500 0.018947 0.041667
0 0.021158 0.450000 0.149474 0.176667
1 0.916116 0.122500 0.010526 0.015000
0 0.018947 0.204167 0.011579 0.041667
0 0.154211 0.426667 0.112612 0.076667
0 0.291051 0.517500 0.142105 0.101667
0 0.617168 0.601667 0.115789 0.116667
1 0.192671 0.491147 0.052548 0.061667
0 -0.019474 0.785811 0.201158 0.111667
0 0.786116 0.821111 0.204211 0.120000
