0 0.014211 0.216667 0.016842 0.041111
0 0.445261 0.468111 0.111684 0.081111
0 0.080000 0.265000 0.056842 0.066667
0 0.011684 0.161667 0.040000 0.011111
0 0.099474 0.119167 0.018947 0.041667
0 -0.007168 0.411667 0.157895 0.186667
1 0.919474 0.122500 0.010526 0.015000
0 0.021579 0.200000 0.010526 0.040000
0 0.111684 0.189167 0.071684 0.068111
0 0.218947 0.519167 0.128421 0.091667
0 0.552105 0.600811 0.129474 0.111667
1 0.118947 0.468111 0.054717 0.061111
0 0.607168 0.828111 0.214717 0.126667
0 0.976181 0.545811 0.095921 0.101667
