0 0.015261 0.215000 0.016842 0.041111
0 0.445261 0.468111 0.111684 0.081111
0 0.078947 0.261667 0.056842 0.066667
0 0.011684 0.161111 0.040000 0.011111
0 0.099474 0.119167 0.018947 0.041667
0 -0.011684 0.426667 0.157895 0.186667
1 0.940526 0.124167 0.010526 0.015000
0 0.015789 0.195811 0.011579 0.041667
0 0.106116 0.182500 0.071684 0.068111
0 0.211051 0.515000 0.121158 0.086667
0 0.515261 0.602500 0.129474 0.111667
1 0.105789 0.466667 0.057895 0.066667
0 0.569474 0.828111 0.214717 0.126667
0 0.965789 0.547500 0.095789 0.101667
