0 0.241257 0.612434 0.113239 0.087302
0 0.441506 0.470238 0.119067 0.067460
0 0.907783 0.521825 0.115737 0.083333
0 0.046003 0.423942 0.089092 0.170635
0 0.026853 0.267196 0.037469 0.042328
0 0.069733 0.195106 0.031640 0.033069
0 0.057244 0.166005 0.043297 0.030423
0 0.130932 0.177249 0.034138 0.037037
4 0.018942 0.619709 0.036636 0.078042
4 0.585552 0.233466 0.099084 0.104497
5 0.784552 0.461640 0.050791 0.161376
0 0.098876 0.140873 0.029975 0.035714
0 0.296211 0.189153 0.058285 0.050265
1 0.145920 0.405423 0.037469 0.048942