0 0.173684 0.564381 0.107368 0.081940
0 0.441579 0.468227 0.118947 0.066890
0 0.905789 0.519231 0.114737 0.081940
0 0.026316 0.398829 0.084211 0.162207
0 0.027895 0.255017 0.036842 0.041806
0 0.055263 0.187291 0.032632 0.033445
0 0.056316 0.165552 0.043158 0.030100
0 0.131579 0.177258 0.033684 0.036789
4 0.017895 0.620401 0.035789 0.076923
4 0.584211 0.232441 0.098947 0.103679
5 0.784211 0.461538 0.050526 0.160535
0 0.097895 0.139632 0.029474 0.035117
0 0.296316 0.190635 0.057895 0.050167
1 0.116316 0.381271 0.038947 0.050167