0 0.164737 0.556020 0.102105 0.078595
0 0.441579 0.468227 0.118947 0.066890
0 0.906842 0.519231 0.114737 0.081940
0 0.025263 0.395485 0.084211 0.162207
0 0.028947 0.255017 0.036842 0.041806
0 0.053158 0.187291 0.032632 0.033445
0 0.056316 0.163880 0.043158 0.030100
0 0.130526 0.177258 0.033684 0.036789
4 0.017895 0.622074 0.035789 0.076923
4 0.584211 0.232441 0.098947 0.103679
5 0.783158 0.459866 0.050526 0.160535
0 0.097895 0.139632 0.029474 0.035117
0 0.296316 0.188963 0.057895 0.050167
1 0.112105 0.375418 0.034737 0.045151