0 0.157368 0.551003 0.102105 0.078595
0 0.441579 0.468227 0.118947 0.066890
0 0.905789 0.519231 0.114737 0.081940
0 0.022105 0.392977 0.080000 0.153846
0 0.028947 0.253344 0.036842 0.041806
0 0.050000 0.185619 0.032632 0.033445
0 0.056316 0.163880 0.043158 0.030100
0 0.130526 0.177258 0.033684 0.036789
4 0.016842 0.621237 0.037895 0.081940
4 0.584211 0.232441 0.098947 0.103679
5 0.783158 0.459866 0.050526 0.160535
0 0.097895 0.139632 0.029474 0.035117
0 0.296316 0.188963 0.057895 0.050167
1 0.108947 0.372074 0.034737 0.045151