0 0.139474 0.522575 0.102105 0.078595
0 0.442632 0.469900 0.118947 0.066890
0 0.906842 0.519231 0.114737 0.081940
0 0.008947 0.377926 0.076842 0.147157
0 0.030000 0.246656 0.036842 0.041806
0 0.056316 0.164716 0.045263 0.031773
0 0.130526 0.177258 0.033684 0.036789
4 0.017895 0.621237 0.037895 0.081940
4 0.584211 0.230769 0.098947 0.103679
5 0.784211 0.461538 0.050526 0.160535
0 0.098947 0.137960 0.029474 0.035117
0 0.295263 0.187291 0.057895 0.050167
1 0.099474 0.367057 0.034737 0.045151
2 0.097368 0.344482 0.015789 0.046823
0 0.746842 0.209030 0.043158 0.036789