0 0.124211 0.505017 0.096842 0.073579
0 0.441579 0.469900 0.118947 0.066890
0 0.906842 0.519231 0.114737 0.081940
0 -0.001053 0.367893 0.080000 0.153846
0 0.032105 0.241639 0.036842 0.041806
0 0.055263 0.164716 0.045263 0.031773
0 0.131579 0.177258 0.033684 0.036789
4 0.017895 0.619565 0.040000 0.085284
4 0.584211 0.230769 0.098947 0.103679
5 0.784211 0.461538 0.050526 0.160535
0 0.097895 0.137960 0.029474 0.035117
0 0.295263 0.190635 0.057895 0.050167
1 0.093158 0.355351 0.034737 0.045151
2 0.091053 0.334448 0.015789 0.046823
0 0.855789 0.245819 0.061053 0.056856