0 0.118421 0.496656 0.087368 0.066890
0 0.441579 0.469900 0.118947 0.066890
0 0.906842 0.519231 0.114737 0.081940
0 -0.003158 0.363712 0.084211 0.162207
0 0.032105 0.240803 0.034737 0.040134
0 0.056316 0.163880 0.043158 0.030100
0 0.130526 0.177258 0.033684 0.036789
4 0.017895 0.619565 0.040000 0.085284
4 0.583158 0.230769 0.098947 0.103679
5 0.784211 0.461538 0.050526 0.160535
0 0.097895 0.137960 0.029474 0.035117
0 0.295263 0.188963 0.057895 0.050167
1 0.091053 0.353679 0.034737 0.045151
2 0.088421 0.333612 0.014737 0.045151
0 0.854737 0.244147 0.061053 0.056856