0 0.114211 0.491639 0.083158 0.063545
0 0.442632 0.468227 0.118947 0.066890
0 0.906842 0.519231 0.114737 0.081940
0 -0.006316 0.360368 0.084211 0.162207
0 0.032105 0.239130 0.034737 0.040134
0 0.056316 0.163880 0.043158 0.030100
0 0.130526 0.177258 0.033684 0.036789
4 0.017895 0.619565 0.040000 0.085284
4 0.584211 0.229097 0.098947 0.103679
5 0.784211 0.461538 0.050526 0.160535
0 0.097895 0.137960 0.029474 0.035117
0 0.295263 0.188963 0.057895 0.050167
1 0.090000 0.352007 0.034737 0.045151
2 0.087368 0.330268 0.014737 0.045151
0 0.853684 0.242475 0.061053 0.056856