0 0.102105 0.474916 0.080000 0.060201
0 0.440526 0.468227 0.118947 0.066890
0 0.905789 0.519231 0.114737 0.081940
0 -0.012632 0.352007 0.084211 0.162207
0 0.034211 0.234114 0.034737 0.040134
0 0.056316 0.163880 0.043158 0.030100
0 0.130526 0.177258 0.033684 0.036789
4 0.017895 0.621237 0.040000 0.085284
4 0.583158 0.232441 0.098947 0.103679
5 0.784211 0.461538 0.050526 0.160535
0 0.097895 0.137960 0.029474 0.035117
0 0.296316 0.188963 0.057895 0.050167
1 0.084211 0.341137 0.035789 0.046823
2 0.083158 0.321906 0.014737 0.045151
0 0.895789 0.259197 0.061053 0.056856
0 0.936316 0.813545 0.123158 0.118729
0 0.993158 0.561037 0.078947 0.102007