0 0.088421 0.453177 0.080000 0.060201
0 0.441579 0.468227 0.118947 0.066890
0 0.905789 0.519231 0.114737 0.081940
0 -0.018947 0.339465 0.088421 0.170569
0 0.036842 0.227425 0.033684 0.036789
0 0.056316 0.165552 0.043158 0.030100
0 0.130526 0.177258 0.033684 0.036789
4 0.016842 0.619565 0.037895 0.081940
4 0.584211 0.230769 0.098947 0.103679
5 0.783158 0.461538 0.050526 0.160535
0 0.098947 0.137960 0.029474 0.035117
0 0.296316 0.188963 0.057895 0.050167
1 0.081053 0.331104 0.035789 0.046823
2 0.078947 0.311873 0.014737 0.045151
0 0.985789 0.566890 0.083158 0.107023
0 0.864211 0.821070 0.187368 0.133779