0 0.077895 0.436455 0.080000 0.060201
0 0.441579 0.468227 0.118947 0.066890
0 0.905789 0.519231 0.114737 0.081940
0 0.037895 0.224916 0.031579 0.035117
0 0.057368 0.163880 0.043158 0.030100
0 0.130526 0.177258 0.033684 0.036789
4 0.018947 0.619565 0.037895 0.081940
4 0.584211 0.229097 0.098947 0.103679
5 0.784211 0.461538 0.050526 0.160535
0 0.097895 0.139632 0.029474 0.035117
0 0.296316 0.188963 0.057895 0.050167
1 0.076842 0.321070 0.035789 0.046823
2 0.074211 0.298495 0.013684 0.041806
0 0.974211 0.571070 0.091579 0.118729
0 0.740526 0.819398 0.196842 0.140468
0 0.854737 0.241639 0.061053 0.031773
0 0.942632 0.277592 0.083158 0.060201