0 0.055789 0.372910 0.080000 0.060201
0 0.440526 0.469900 0.118947 0.066890
0 0.905789 0.519231 0.114737 0.081940
0 0.041579 0.210702 0.030526 0.033445
0 0.055263 0.163880 0.043158 0.030100
0 0.130526 0.177258 0.033684 0.036789
4 0.018947 0.621237 0.037895 0.081940
4 0.584211 0.230769 0.098947 0.103679
5 0.783684 0.460702 0.047368 0.152174
0 0.098947 0.139632 0.029474 0.035117
0 0.296316 0.188963 0.057895 0.050167
1 0.071579 0.287625 0.035789 0.046823
2 0.068947 0.269231 0.013684 0.040134
0 0.965789 0.571906 0.095789 0.123746
0 0.312105 0.794314 0.196842 0.140468
2 0.038947 0.282609 0.018947 0.050167
0 0.963158 0.284281 0.063158 0.046823
0 0.768421 0.887960 0.237895 0.183946
0 0.022632 0.474080 0.078947 0.055184