0 0.055789 0.374582 0.080000 0.060201
0 0.440526 0.469900 0.118947 0.066890
0 0.905789 0.517559 0.114737 0.081940
0 0.041579 0.211538 0.028421 0.031773
0 0.055263 0.163880 0.043158 0.030100
0 0.130526 0.177258 0.033684 0.036789
4 0.017895 0.621237 0.037895 0.081940
4 0.584211 0.230769 0.098947 0.103679
5 0.782632 0.460702 0.047368 0.152174
0 0.098947 0.139632 0.029474 0.035117
0 0.296316 0.188963 0.057895 0.050167
1 0.070526 0.285953 0.035789 0.046823
2 0.068947 0.267559 0.013684 0.040134
0 0.965789 0.570234 0.095789 0.123746
0 0.332874 0.790346 0.196842 0.140468
2 0.038947 0.282609 0.018947 0.050167
0 0.963158 0.285953 0.063158 0.046823
0 0.022105 0.473244 0.082105 0.056856
0 0.794128 0.888228 0.278101 0.202381