0 0.055789 0.370401 0.075789 0.058528
0 0.440526 0.469900 0.118947 0.066890
0 0.905789 0.519231 0.114737 0.081940
0 0.041579 0.209866 0.028421 0.031773
0 0.056316 0.163880 0.043158 0.030100
0 0.130526 0.177258 0.033684 0.036789
4 0.017895 0.621237 0.037895 0.081940
4 0.583158 0.230769 0.098947 0.103679
5 0.784211 0.461538 0.050526 0.160535
0 0.098947 0.139632 0.029474 0.035117
0 0.296316 0.187291 0.057895 0.050167
1 0.071579 0.285953 0.035789 0.046823
2 0.068947 0.265886 0.013684 0.040134
0 0.966842 0.570234 0.095789 0.123746
0 0.306842 0.786789 0.196842 0.138796
2 0.041053 0.282609 0.018947 0.050167
0 0.969474 0.287625 0.063158 0.046823
0 0.028421 0.471572 0.082105 0.056856
0 0.756842 0.885452 0.277895 0.202341