0 0.050000 0.352007 0.068421 0.051839
0 0.440526 0.469900 0.118947 0.066890
0 0.904737 0.519231 0.114737 0.081940
0 0.041579 0.207358 0.030526 0.033445
0 0.056316 0.163880 0.043158 0.030100
0 0.130526 0.177258 0.033684 0.036789
4 0.018947 0.621237 0.037895 0.081940
4 0.584211 0.229097 0.098947 0.103679
5 0.784211 0.461538 0.050526 0.160535
0 0.097895 0.139632 0.029474 0.035117
0 0.296316 0.188963 0.057895 0.050167
1 0.070000 0.275084 0.034737 0.045151
2 0.066842 0.258361 0.011579 0.035117
0 0.965789 0.570234 0.095789 0.123746
0 0.147895 0.785117 0.196842 0.138796
2 0.052105 0.279264 0.017895 0.046823
0 0.037895 0.456522 0.086316 0.060201
0 0.543684 0.877090 0.291579 0.212375