0 0.048947 0.343645 0.068421 0.051839
0 0.440526 0.468227 0.118947 0.066890
0 0.905789 0.517559 0.114737 0.081940
0 0.040526 0.206522 0.028421 0.031773
0 0.056316 0.165552 0.043158 0.030100
0 0.130526 0.177258 0.033684 0.036789
4 0.018947 0.621237 0.037895 0.081940
4 0.584211 0.229097 0.098947 0.103679
5 0.783158 0.463211 0.050526 0.160535
0 0.097895 0.139632 0.029474 0.035117
0 0.296316 0.190635 0.057895 0.050167
1 0.068947 0.268395 0.034737 0.045151
2 0.065263 0.252508 0.010526 0.033445
0 0.966842 0.570234 0.095789 0.123746
0 0.052105 0.786789 0.196842 0.138796
2 0.058421 0.279264 0.017895 0.046823
0 0.051579 0.443144 0.082105 0.056856
0 0.406842 0.877090 0.291579 0.212375
0 0.935263 0.818562 0.078947 0.102007