0 0.048421 0.334448 0.065263 0.050167
0 0.441579 0.468227 0.118947 0.066890
0 0.905789 0.517559 0.114737 0.081940
0 0.038421 0.204013 0.030526 0.033445
0 0.057368 0.163880 0.043158 0.030100
0 0.129474 0.177258 0.033684 0.036789
4 0.017895 0.621237 0.037895 0.081940
4 0.584211 0.232441 0.098947 0.103679
5 0.782105 0.461538 0.050526 0.160535
0 0.098947 0.139632 0.029474 0.035117
0 0.297368 0.188963 0.057895 0.050167
1 0.066842 0.263378 0.034737 0.045151
2 0.064211 0.245819 0.010526 0.033445
0 0.965789 0.571906 0.095789 0.123746
2 0.065789 0.277592 0.017895 0.046823
0 0.062105 0.429766 0.082105 0.056856
0 0.267895 0.883779 0.291579 0.212375
0 0.908947 0.813545 0.180000 0.125418
2 0.169474 0.259197 0.014737 0.046823