0 0.048421 0.334448 0.065263 0.050167
0 0.441579 0.468227 0.118947 0.066890
0 0.905789 0.517559 0.114737 0.081940
0 0.039474 0.202341 0.030526 0.033445
0 0.057368 0.163880 0.043158 0.030100
0 0.129474 0.177258 0.033684 0.036789
4 0.017895 0.621237 0.037895 0.081940
4 0.583158 0.232441 0.098947 0.103679
5 0.784211 0.461538 0.050526 0.160535
0 0.097895 0.139632 0.029474 0.035117
0 0.295263 0.188963 0.057895 0.050167
1 0.067368 0.262542 0.035789 0.046823
2 0.063684 0.246656 0.011579 0.035117
0 0.966842 0.571906 0.095789 0.123746
2 0.066316 0.279264 0.018947 0.050167
0 0.064211 0.426421 0.082105 0.056856
0 0.219474 0.883779 0.291579 0.212375
0 0.883684 0.813545 0.180000 0.125418
2 0.168421 0.259197 0.014737 0.046823