0 0.046316 0.327759 0.065263 0.050167
0 0.440526 0.468227 0.118947 0.066890
0 0.905789 0.517559 0.114737 0.081940
0 0.038421 0.201505 0.028421 0.031773
0 0.057368 0.163880 0.043158 0.030100
0 0.130526 0.177258 0.033684 0.036789
4 0.017895 0.621237 0.037895 0.081940
4 0.584211 0.230769 0.098947 0.103679
5 0.782105 0.461538 0.050526 0.160535
0 0.097895 0.139632 0.029474 0.035117
0 0.296316 0.190635 0.057895 0.050167
1 0.068421 0.263378 0.037895 0.048495
2 0.062105 0.242475 0.010526 0.033445
0 0.966842 0.571906 0.095789 0.123746
2 0.070526 0.277592 0.018947 0.050167
0 0.069474 0.418060 0.077895 0.053512
0 0.124737 0.883779 0.291579 0.212375
0 0.828947 0.808528 0.180000 0.125418
2 0.165263 0.257525 0.014737 0.046823