0 0.046316 0.326087 0.065263 0.050167
0 0.441579 0.468227 0.118947 0.066890
0 0.904737 0.519231 0.114737 0.081940
0 0.037368 0.199833 0.028421 0.031773
0 0.057368 0.163880 0.043158 0.030100
0 0.130526 0.175585 0.033684 0.036789
4 0.017895 0.619565 0.037895 0.081940
4 0.584211 0.230769 0.098947 0.103679
5 0.784211 0.461538 0.050526 0.160535
0 0.097895 0.139632 0.029474 0.035117
0 0.296316 0.188963 0.057895 0.050167
1 0.069474 0.265050 0.037895 0.048495
2 0.061053 0.242475 0.010526 0.033445
0 0.965789 0.571906 0.095789 0.123746
2 0.072632 0.275920 0.018947 0.050167
0 0.069474 0.414716 0.082105 0.056856
0 0.080526 0.882107 0.291579 0.212375
0 0.802632 0.808528 0.180000 0.125418
2 0.162105 0.258361 0.014737 0.048495