0 0.046316 0.322742 0.065263 0.050167
0 0.441579 0.468227 0.118947 0.066890
0 0.905789 0.519231 0.114737 0.081940
0 0.036316 0.199833 0.028421 0.031773
0 0.057368 0.163880 0.043158 0.030100
0 0.130526 0.175585 0.033684 0.036789
4 0.016842 0.619565 0.037895 0.081940
4 0.584211 0.229097 0.098947 0.103679
5 0.783158 0.463211 0.050526 0.160535
0 0.097895 0.139632 0.029474 0.035117
0 0.295263 0.188963 0.057895 0.050167
1 0.068421 0.266722 0.037895 0.048495
2 0.061053 0.240803 0.010526 0.033445
0 0.965789 0.571906 0.095789 0.123746
2 0.074737 0.275920 0.018947 0.050167
0 0.073684 0.409699 0.082105 0.056856
0 0.029474 0.880435 0.277895 0.202341
0 0.774211 0.805184 0.180000 0.125418
2 0.160000 0.259197 0.014737 0.046823