0 0.044211 0.306856 0.058947 0.045151
0 0.441579 0.468227 0.118947 0.066890
0 0.904737 0.519231 0.114737 0.081940
0 0.026717 0.199134 0.026316 0.028428
0 0.056316 0.163880 0.043158 0.030100
0 0.130526 0.177258 0.033684 0.036789
4 0.016842 0.621237 0.037895 0.081940
4 0.584211 0.230769 0.098947 0.103679
5 0.784211 0.461538 0.050526 0.160535
0 0.097895 0.139632 0.029474 0.035117
0 0.296316 0.188963 0.057895 0.050167
1 0.060526 0.261706 0.036842 0.048495
2 0.056842 0.230769 0.010526 0.033445
0 0.965789 0.571906 0.095789 0.123746
2 0.086316 0.273411 0.021053 0.055184
0 0.612105 0.790134 0.171579 0.118729
2 0.150526 0.257525 0.014737 0.046823
0 0.071579 0.395485 0.065263 0.078595