0 0.043158 0.305184 0.058947 0.045151
0 0.441579 0.468227 0.118947 0.066890
0 0.905789 0.519231 0.114737 0.081940
0 0.033158 0.196488 0.026316 0.028428
0 0.056316 0.164716 0.045263 0.031773
0 0.129474 0.175585 0.033684 0.036789
4 0.017895 0.621237 0.037895 0.081940
4 0.584211 0.230769 0.098947 0.103679
5 0.783158 0.463211 0.050526 0.160535
0 0.097895 0.139632 0.029474 0.035117
0 0.296316 0.188963 0.057895 0.050167
1 0.060526 0.261706 0.036842 0.048495
2 0.055789 0.229097 0.010526 0.033445
0 0.965789 0.571906 0.095789 0.123746
2 0.089474 0.273411 0.021053 0.055184
0 0.582632 0.786789 0.180000 0.125418
2 0.148421 0.255853 0.014737 0.046823
0 0.075263 0.391304 0.062105 0.073579