0 0.042105 0.292642 0.056842 0.043478
0 0.441579 0.468227 0.118947 0.066890
0 0.905789 0.519231 0.114737 0.081940
0 0.056316 0.163880 0.043158 0.030100
0 0.130526 0.177258 0.033684 0.036789
4 0.018947 0.619565 0.037895 0.081940
4 0.584211 0.230769 0.098947 0.103679
5 0.783158 0.463211 0.050526 0.160535
0 0.097895 0.141304 0.029474 0.035117
0 0.295263 0.188963 0.057895 0.050167
1 0.057368 0.258361 0.036842 0.048495
2 0.053684 0.224916 0.010526 0.031773
0 0.966842 0.571906 0.095789 0.123746
2 0.098947 0.271739 0.021053 0.055184
0 0.462632 0.772575 0.163158 0.113712
2 0.141053 0.255017 0.014737 0.048495
0 0.078947 0.374582 0.058947 0.070234
0 0.021024 0.469577 0.080766 0.066138