0 0.042105 0.279264 0.056842 0.043478
0 0.441579 0.468227 0.118947 0.066890
0 0.905789 0.519231 0.114737 0.081940
0 0.056316 0.163880 0.043158 0.030100
0 0.129474 0.177258 0.033684 0.036789
4 0.017895 0.621237 0.037895 0.081940
4 0.583158 0.230769 0.098947 0.103679
5 0.783158 0.461538 0.050526 0.160535
0 0.098947 0.141304 0.029474 0.035117
0 0.295263 0.188963 0.057895 0.050167
1 0.054211 0.248328 0.036842 0.048495
2 0.051579 0.220736 0.010526 0.033445
0 0.966842 0.571906 0.095789 0.123746
2 0.111579 0.270067 0.021053 0.055184
0 0.296842 0.761706 0.170526 0.118729
2 0.133684 0.255017 0.014737 0.048495
0 0.080526 0.357860 0.053684 0.063545
0 0.041147 0.443630 0.084211 0.068562
0 0.016316 0.194816 0.034737 0.038462