0 0.041053 0.245819 0.056842 0.043478
0 0.440526 0.468227 0.118947 0.066890
0 0.904737 0.519231 0.114737 0.081940
0 0.056316 0.160535 0.043158 0.030100
0 0.129474 0.176421 0.035789 0.038462
4 0.016842 0.619565 0.037895 0.081940
4 0.584211 0.230769 0.098947 0.103679
5 0.783158 0.459866 0.050526 0.160535
0 0.097895 0.137960 0.029474 0.035117
0 0.295263 0.185619 0.057895 0.050167
1 0.047368 0.227425 0.031579 0.040134
2 0.043158 0.206522 0.010526 0.031773
0 0.965789 0.571906 0.095789 0.123746
0 0.081053 0.321070 0.050526 0.060201
0 0.077368 0.392140 0.072632 0.058528
2 0.971579 0.312709 0.014737 0.040134
1 0.972105 0.319398 0.036842 0.036789
0 0.022105 0.343645 0.037895 0.078595
2 0.137368 0.261706 0.013684 0.051839