0 0.041579 0.237458 0.053684 0.040134
0 0.439474 0.468227 0.118947 0.066890
0 0.905789 0.520903 0.114737 0.081940
0 0.056316 0.160535 0.043158 0.030100
0 0.129474 0.176421 0.035789 0.038462
4 0.015263 0.619565 0.038947 0.085284
4 0.583158 0.230769 0.098947 0.103679
5 0.782105 0.459866 0.050526 0.160535
0 0.096842 0.137960 0.029474 0.035117
0 0.295263 0.183946 0.057895 0.050167
1 0.041053 0.220736 0.031579 0.040134
2 0.037895 0.199833 0.010526 0.031773
0 0.965789 0.571906 0.095789 0.123746
0 0.081053 0.311037 0.050526 0.060201
0 0.085789 0.377090 0.072632 0.058528
2 0.993684 0.322742 0.014737 0.040134
1 0.993684 0.332776 0.033684 0.033445
0 0.027368 0.331104 0.035789 0.073579
2 0.144737 0.260033 0.013684 0.051839
0 0.906566 0.824065 0.187368 0.163880