0 0.040526 0.234114 0.053684 0.040134
0 0.441579 0.468227 0.118947 0.066890
0 0.903684 0.519231 0.114737 0.081940
0 0.056316 0.160535 0.043158 0.030100
0 0.129474 0.176421 0.035789 0.038462
4 0.015789 0.619565 0.037895 0.081940
4 0.584211 0.230769 0.098947 0.103679
5 0.782105 0.459866 0.050526 0.160535
0 0.096842 0.137960 0.029474 0.035117
0 0.295263 0.187291 0.057895 0.050167
1 0.038947 0.220736 0.031579 0.040134
2 0.036842 0.199833 0.010526 0.031773
0 0.965789 0.571906 0.095789 0.123746
0 0.081053 0.309365 0.050526 0.060201
0 0.084737 0.375418 0.068421 0.055184
2 0.997368 0.326087 0.013684 0.036789
0 0.028421 0.327759 0.035789 0.073579
2 0.145789 0.260033 0.013684 0.051839
0 0.883158 0.819398 0.195789 0.170569
2 0.106369 0.258598 0.021649 0.056878
0 0.007286 0.485450 0.081598 0.063492