0 0.041053 0.233278 0.050526 0.038462
0 0.440526 0.468227 0.118947 0.066890
0 0.904737 0.519231 0.114737 0.081940
0 0.056316 0.160535 0.043158 0.030100
0 0.129474 0.176421 0.035789 0.038462
4 0.017895 0.619565 0.037895 0.081940
4 0.583158 0.232441 0.098947 0.103679
5 0.782105 0.459866 0.050526 0.160535
0 0.097895 0.137960 0.029474 0.035117
0 0.295263 0.187291 0.057895 0.050167
1 0.037895 0.220736 0.031579 0.040134
2 0.035789 0.199833 0.010526 0.031773
0 0.964737 0.571906 0.095789 0.123746
0 0.080000 0.307692 0.050526 0.060201
0 0.085789 0.372074 0.068421 0.055184
0 0.029474 0.326087 0.035789 0.073579
2 0.147895 0.260033 0.013684 0.051839
0 0.850526 0.822742 0.195789 0.170569
2 0.105263 0.257525 0.021053 0.056856
0 0.007895 0.480769 0.085263 0.065217