0 0.042105 0.224916 0.050526 0.038462
0 0.440526 0.468227 0.118947 0.066890
0 0.904737 0.517559 0.114737 0.081940
0 0.056316 0.162207 0.043158 0.030100
0 0.128947 0.175585 0.036842 0.040134
4 0.017368 0.619565 0.038947 0.085284
4 0.584211 0.232441 0.098947 0.103679
5 0.783158 0.458194 0.050526 0.160535
0 0.097895 0.137960 0.029474 0.035117
0 0.295263 0.185619 0.057895 0.050167
1 0.028421 0.217391 0.031579 0.040134
2 0.029474 0.199833 0.010526 0.031773
0 0.964737 0.570234 0.095789 0.123746
0 0.081053 0.302676 0.050526 0.060201
0 0.091053 0.360368 0.068421 0.055184
0 0.030526 0.312709 0.035789 0.073579
2 0.156842 0.260870 0.012632 0.050167
0 0.700000 0.816054 0.195789 0.170569
2 0.097368 0.256689 0.022105 0.058528
0 0.036316 0.459030 0.093684 0.071906