0 0.042105 0.220736 0.048421 0.036789
0 0.440526 0.466555 0.112632 0.063545
0 0.903684 0.517559 0.114737 0.081940
0 0.055263 0.162207 0.043158 0.030100
0 0.130526 0.176421 0.035789 0.038462
4 0.015263 0.619565 0.038947 0.085284
4 0.583158 0.232441 0.098947 0.103679
5 0.782105 0.459866 0.050526 0.160535
0 0.096842 0.137960 0.029474 0.035117
0 0.295263 0.185619 0.057895 0.050167
1 0.024211 0.217391 0.033684 0.043478
0 0.964737 0.570234 0.095789 0.123746
0 0.080000 0.299331 0.048421 0.056856
0 0.090526 0.351171 0.065263 0.053512
0 0.030526 0.306020 0.035789 0.073579
2 0.161579 0.260033 0.013684 0.051839
0 0.608421 0.817726 0.195789 0.170569
2 0.094737 0.255853 0.021053 0.056856
0 0.054737 0.446488 0.088421 0.066890