0 0.042105 0.215719 0.048421 0.036789
0 0.439474 0.466555 0.118947 0.066890
0 0.904737 0.519231 0.114737 0.081940
0 0.056316 0.160535 0.043158 0.030100
0 0.128421 0.176421 0.035789 0.038462
4 0.016842 0.619565 0.037895 0.081940
4 0.584211 0.232441 0.098947 0.103679
5 0.782105 0.459866 0.050526 0.160535
0 0.097895 0.137960 0.029474 0.035117
0 0.295263 0.185619 0.057895 0.050167
1 0.014211 0.209866 0.034737 0.045151
0 0.964737 0.571906 0.095789 0.123746
0 0.080000 0.295987 0.050526 0.060201
0 0.091579 0.342809 0.065263 0.053512
0 0.030526 0.299331 0.033684 0.070234
2 0.168421 0.257525 0.012632 0.050167
0 0.494211 0.809365 0.194737 0.170569
0 0.069474 0.425585 0.080000 0.061873
2 0.088421 0.257525 0.016842 0.050167