0 0.042105 0.214047 0.048421 0.036789
0 0.440526 0.466555 0.118947 0.066890
0 0.904737 0.519231 0.114737 0.081940
0 0.056316 0.160535 0.043158 0.030100
0 0.128421 0.176421 0.035789 0.038462
4 0.015789 0.619565 0.037895 0.081940
4 0.584211 0.232441 0.098947 0.103679
5 0.782105 0.458194 0.050526 0.160535
0 0.096842 0.137960 0.029474 0.035117
0 0.296316 0.185619 0.057895 0.050167
0 0.965789 0.570234 0.095789 0.123746
0 0.080000 0.295987 0.050526 0.060201
0 0.092632 0.337793 0.065263 0.053512
0 0.030526 0.294314 0.035789 0.073579
2 0.171579 0.259197 0.012632 0.050167
0 0.430000 0.811873 0.205263 0.178930
0 0.071579 0.418060 0.088421 0.066890
2 0.084737 0.258361 0.015789 0.048495
0 0.017895 0.380435 0.035789 0.081940