0 0.042105 0.204849 0.046316 0.035117
0 0.440526 0.466555 0.118947 0.066890
0 0.903684 0.520903 0.114737 0.081940
0 0.056316 0.160535 0.043158 0.030100
0 0.129474 0.176421 0.035789 0.038462
4 0.017368 0.619565 0.038947 0.085284
4 0.584211 0.232441 0.098947 0.103679
5 0.783158 0.459866 0.050526 0.160535
0 0.096842 0.137960 0.029474 0.035117
0 0.295263 0.183110 0.060000 0.051839
0 0.964737 0.571906 0.095789 0.123746
0 0.078947 0.290970 0.048421 0.056856
0 0.091053 0.327759 0.062105 0.050167
0 0.030526 0.287625 0.033684 0.070234
0 0.192105 0.819398 0.215789 0.187291
0 0.078947 0.392140 0.084211 0.065217
2 0.073158 0.256689 0.015789 0.045151
0 0.020000 0.364548 0.035789 0.080268
2 0.171053 0.263378 0.013684 0.051839