0 0.041053 0.205686 0.044211 0.033445
0 0.440526 0.466555 0.118947 0.066890
0 0.904211 0.519231 0.120000 0.085284
0 0.056316 0.160535 0.043158 0.030100
0 0.129474 0.178094 0.035789 0.038462
4 0.016316 0.617893 0.038947 0.085284
4 0.583158 0.232441 0.098947 0.103679
5 0.782105 0.461538 0.050526 0.160535
0 0.096842 0.137960 0.029474 0.035117
0 0.295263 0.186455 0.060000 0.051839
0 0.965789 0.571906 0.095789 0.123746
0 0.078947 0.290970 0.048421 0.056856
0 0.091053 0.326087 0.062105 0.050167
0 0.031579 0.287625 0.033684 0.070234
0 0.160526 0.816054 0.215789 0.187291
0 0.083158 0.388796 0.084211 0.065217
2 0.072105 0.256689 0.015789 0.045151
0 0.021579 0.362876 0.034737 0.076923
2 0.173158 0.263378 0.013684 0.051839