0 0.034737 0.199833 0.042105 0.031773
0 0.439474 0.466555 0.118947 0.066890
0 0.904737 0.519231 0.114737 0.081940
0 0.055263 0.160535 0.043158 0.030100
0 0.130526 0.178094 0.035789 0.038462
4 0.016316 0.619565 0.038947 0.085284
4 0.583158 0.230769 0.098947 0.103679
5 0.782105 0.459866 0.050526 0.160535
0 0.097895 0.139632 0.029474 0.035117
0 0.295263 0.184783 0.060000 0.051839
0 0.965789 0.570234 0.095789 0.123746
0 0.078947 0.289298 0.048421 0.056856
0 0.092105 0.317726 0.062105 0.050167
0 0.030526 0.280936 0.033684 0.070234
0 0.086316 0.371237 0.069474 0.053512
2 0.054737 0.259197 0.014737 0.043478
0 0.023158 0.352843 0.042105 0.080268
0 0.841053 0.820234 0.254737 0.165552