0 0.028421 0.197324 0.044211 0.033445
0 0.440526 0.466555 0.118947 0.066890
0 0.903684 0.520903 0.114737 0.081940
0 0.056316 0.160535 0.043158 0.030100
0 0.129474 0.176421 0.035789 0.038462
4 0.016316 0.619565 0.038947 0.085284
4 0.583158 0.232441 0.098947 0.103679
5 0.783158 0.459866 0.050526 0.160535
0 0.096842 0.137960 0.029474 0.035117
0 0.295263 0.184783 0.060000 0.051839
0 0.964737 0.570234 0.095789 0.123746
0 0.080000 0.285953 0.048421 0.056856
0 0.091579 0.315217 0.058947 0.048495
0 0.031579 0.277592 0.033684 0.070234
0 0.086316 0.366221 0.069474 0.053512
2 0.042632 0.256689 0.015789 0.048495
0 0.024211 0.346154 0.042105 0.080268
0 0.704211 0.821070 0.267368 0.173913