0 0.029474 0.198997 0.044211 0.033445
0 0.440526 0.466555 0.118947 0.066890
0 0.903684 0.520903 0.114737 0.081940
0 0.055263 0.160535 0.043158 0.030100
0 0.129474 0.176421 0.035789 0.038462
4 0.016316 0.617893 0.038947 0.085284
4 0.584211 0.232441 0.098947 0.103679
5 0.783158 0.459866 0.050526 0.160535
0 0.097895 0.137960 0.029474 0.035117
0 0.296316 0.184783 0.060000 0.051839
0 0.964737 0.571906 0.095789 0.123746
0 0.078947 0.287625 0.048421 0.056856
0 0.091579 0.315217 0.058947 0.048495
0 0.031579 0.277592 0.033684 0.070234
0 0.086316 0.364548 0.069474 0.053512
2 0.043158 0.255853 0.016842 0.050167
0 0.025263 0.346154 0.042105 0.080268
0 0.701053 0.822742 0.267368 0.173913