0 0.026316 0.198997 0.044211 0.033445
0 0.440526 0.466555 0.118947 0.066890
0 0.903684 0.520903 0.114737 0.081940
0 0.056316 0.160535 0.043158 0.030100
0 0.129474 0.176421 0.035789 0.038462
4 0.015263 0.619565 0.038947 0.085284
4 0.583158 0.232441 0.098947 0.103679
5 0.782105 0.459866 0.050526 0.160535
0 0.097895 0.137960 0.029474 0.035117
0 0.294211 0.184783 0.060000 0.051839
0 0.964737 0.571906 0.095789 0.123746
0 0.080000 0.285953 0.048421 0.056856
0 0.091579 0.313545 0.058947 0.048495
0 0.031579 0.277592 0.033684 0.070234
0 0.086316 0.362876 0.069474 0.053512
2 0.040526 0.257525 0.017895 0.053512
0 0.026316 0.344482 0.042105 0.080268
0 0.665263 0.821070 0.267368 0.173913