0 0.440526 0.466555 0.118947 0.066890
0 0.903684 0.519231 0.114737 0.081940
0 0.055263 0.162207 0.043158 0.030100
0 0.130526 0.176421 0.035789 0.038462
4 0.016316 0.619565 0.038947 0.085284
4 0.584211 0.230769 0.098947 0.103679
5 0.783158 0.461538 0.050526 0.160535
0 0.097895 0.139632 0.029474 0.035117
0 0.295263 0.185619 0.057895 0.050167
0 0.964737 0.570234 0.095789 0.123746
0 0.079474 0.253344 0.043158 0.051839
0 0.090526 0.290134 0.056842 0.045151
0 0.039474 0.242475 0.030526 0.063545
0 0.091579 0.333612 0.063158 0.048495
0 0.033158 0.305184 0.036842 0.068562
0 0.027368 0.364548 0.080000 0.086957
0 0.147368 0.792642 0.208421 0.170569
0 0.944211 0.318562 0.061053 0.068562