0 0.440526 0.466555 0.118947 0.066890
0 0.903684 0.519231 0.114737 0.081940
0 0.056316 0.159699 0.041053 0.028428
0 0.129474 0.176421 0.035789 0.038462
4 0.017368 0.617893 0.038947 0.085284
4 0.584211 0.230769 0.098947 0.103679
5 0.783158 0.461538 0.050526 0.160535
0 0.098947 0.137960 0.029474 0.035117
0 0.295263 0.185619 0.057895 0.050167
0 0.964737 0.573579 0.095789 0.123746
0 0.079474 0.250000 0.043158 0.051839
0 0.088947 0.289298 0.053684 0.043478
0 0.038947 0.239130 0.029474 0.060201
0 0.090526 0.330268 0.063158 0.048495
0 0.034211 0.303512 0.036842 0.068562
0 0.027368 0.363712 0.084211 0.091973
0 0.031579 0.792642 0.208421 0.170569
0 0.968947 0.331104 0.064211 0.073579