0 0.440526 0.464883 0.118947 0.066890
0 0.903684 0.519231 0.114737 0.081940
0 0.056316 0.158027 0.041053 0.028428
0 0.129474 0.174749 0.035789 0.038462
4 0.016316 0.616221 0.038947 0.085284
4 0.583158 0.229097 0.098947 0.103679
5 0.782105 0.461538 0.050526 0.160535
0 0.097895 0.137960 0.029474 0.035117
0 0.295263 0.185619 0.057895 0.050167
0 0.964737 0.571906 0.095789 0.123746
0 0.079474 0.246656 0.043158 0.051839
0 0.087895 0.287625 0.053684 0.043478
0 0.038947 0.235786 0.029474 0.060201
0 0.090526 0.326923 0.063158 0.048495
0 0.033684 0.301839 0.037895 0.071906
0 0.012105 0.792642 0.188421 0.153846
0 0.974211 0.334448 0.064211 0.073579
0 0.027895 0.351171 0.049474 0.056856
0 0.012632 0.401338 0.042105 0.063545