0 0.441579 0.468227 0.118947 0.066890
0 0.902632 0.519231 0.114737 0.081940
0 0.056316 0.159699 0.041053 0.028428
0 0.129474 0.176421 0.035789 0.038462
4 0.016316 0.617057 0.036842 0.080268
4 0.583158 0.227425 0.098947 0.103679
5 0.781579 0.459030 0.049474 0.158863
0 0.097895 0.137960 0.029474 0.035117
0 0.294211 0.183946 0.057895 0.050167
0 0.964737 0.571906 0.095789 0.123746
0 0.078421 0.228261 0.043158 0.051839
0 0.086316 0.267559 0.050526 0.040134
0 0.041053 0.215719 0.027368 0.056856
0 0.090526 0.315217 0.063158 0.048495
0 0.035263 0.285117 0.034737 0.065217
0 0.034211 0.328595 0.047368 0.055184
0 0.024737 0.381271 0.068421 0.083612