0 0.441579 0.468227 0.118947 0.066890
0 0.902632 0.519231 0.114737 0.081940
0 0.056316 0.159699 0.041053 0.028428
0 0.128421 0.176421 0.035789 0.038462
4 0.016316 0.617893 0.038947 0.085284
4 0.583158 0.229097 0.098947 0.103679
5 0.782632 0.459030 0.049474 0.158863
0 0.096842 0.139632 0.029474 0.035117
0 0.294211 0.185619 0.057895 0.050167
0 0.964737 0.571906 0.095789 0.123746
0 0.077368 0.219064 0.038947 0.046823
0 0.085263 0.262542 0.050526 0.040134
0 0.040000 0.209030 0.027368 0.056856
0 0.089474 0.310201 0.063158 0.048495
0 0.035263 0.276756 0.034737 0.065217
0 0.035263 0.318562 0.047368 0.055184
0 0.030526 0.373746 0.075789 0.091973