0 0.440526 0.466555 0.118947 0.066890
0 0.901579 0.519231 0.114737 0.081940
0 0.056316 0.158027 0.041053 0.028428
0 0.128421 0.176421 0.035789 0.038462
4 0.016316 0.617893 0.038947 0.085284
4 0.583158 0.227425 0.098947 0.103679
5 0.782632 0.459030 0.049474 0.158863
0 0.097895 0.136288 0.029474 0.035117
0 0.295263 0.183946 0.057895 0.050167
0 0.964737 0.570234 0.095789 0.123746
0 0.076316 0.209030 0.038947 0.046823
0 0.082105 0.250000 0.048421 0.038462
0 0.033158 0.198161 0.024211 0.048495
0 0.090526 0.300167 0.063158 0.048495
0 0.040526 0.266722 0.034737 0.065217
0 0.038421 0.303512 0.045263 0.051839
0 0.032105 0.364548 0.078947 0.096990
0 0.866842 0.249164 0.064211 0.036789