0 0.441053 0.466555 0.124211 0.070234
0 0.901579 0.519231 0.114737 0.081940
0 0.056316 0.158027 0.041053 0.028428
0 0.129474 0.178094 0.035789 0.038462
4 0.017368 0.617893 0.038947 0.085284
4 0.582105 0.227425 0.098947 0.103679
5 0.783158 0.458194 0.052632 0.167224
0 0.097895 0.137960 0.029474 0.035117
0 0.295263 0.185619 0.057895 0.050167
0 0.964737 0.571906 0.095789 0.123746
0 0.073158 0.200669 0.036842 0.043478
0 0.081053 0.241639 0.048421 0.038462
0 0.025263 0.193144 0.025263 0.051839
0 0.088947 0.286789 0.060000 0.045151
0 0.042632 0.258361 0.032632 0.061873
0 0.038421 0.293478 0.045263 0.051839
0 0.033158 0.357023 0.083158 0.102007
0 0.947084 0.275707 0.050526 0.068562
0 0.961071 0.808862 0.112406 0.115079