0 0.441579 0.468227 0.118947 0.066890
0 0.900526 0.520903 0.114737 0.081940
0 0.056316 0.158027 0.041053 0.028428
0 0.129474 0.176421 0.035789 0.038462
4 0.016316 0.617893 0.038947 0.085284
4 0.582105 0.227425 0.098947 0.103679
5 0.782105 0.459866 0.052632 0.167224
0 0.097895 0.137960 0.029474 0.035117
0 0.294211 0.185619 0.057895 0.050167
0 0.964737 0.570234 0.095789 0.123746
0 0.071053 0.198997 0.036842 0.043478
0 0.081053 0.238294 0.048421 0.038462
0 0.019474 0.191472 0.024211 0.048495
0 0.090000 0.283445 0.060000 0.045151
0 0.043684 0.256689 0.032632 0.061873
0 0.039474 0.288462 0.045263 0.051839
0 0.033158 0.355351 0.083158 0.102007
0 0.973684 0.285117 0.054737 0.075251
0 0.898421 0.804348 0.161053 0.113712