0 0.441579 0.468227 0.118947 0.066890
0 0.900526 0.520903 0.114737 0.081940
0 0.055263 0.158027 0.041053 0.028428
0 0.129474 0.176421 0.035789 0.038462
4 0.016316 0.617893 0.038947 0.085284
4 0.582105 0.229097 0.098947 0.103679
5 0.783158 0.458194 0.052632 0.167224
0 0.097895 0.137960 0.029474 0.035117
0 0.294211 0.185619 0.057895 0.050167
0 0.964737 0.573579 0.095789 0.123746
0 0.066842 0.195652 0.036842 0.043478
0 0.080000 0.231605 0.048421 0.038462
0 0.012632 0.187291 0.021053 0.043478
0 0.088421 0.275920 0.056842 0.043478
0 0.045789 0.251672 0.032632 0.061873
0 0.038947 0.282609 0.042105 0.050167
0 0.033158 0.352843 0.078947 0.096990
0 0.998421 0.304348 0.049474 0.066890
0 0.748947 0.790970 0.188421 0.113712
0 0.739474 0.214883 0.049474 0.048495