0 0.441053 0.466555 0.124211 0.070234
0 0.900526 0.519231 0.114737 0.081940
0 0.055263 0.158027 0.041053 0.028428
0 0.129474 0.176421 0.035789 0.038462
4 0.016316 0.619565 0.038947 0.085284
4 0.582105 0.229097 0.098947 0.103679
5 0.782105 0.458194 0.052632 0.167224
0 0.097895 0.137960 0.029474 0.035117
0 0.294211 0.185619 0.057895 0.050167
0 0.963684 0.570234 0.095789 0.123746
0 0.065789 0.195652 0.036842 0.043478
0 0.078947 0.229933 0.048421 0.038462
0 0.010526 0.185619 0.021053 0.043478
0 0.087368 0.274247 0.056842 0.043478
0 0.045789 0.251672 0.032632 0.061873
0 0.038947 0.279264 0.042105 0.050167
0 0.034211 0.351171 0.078947 0.096990
0 0.718421 0.789298 0.188421 0.113712