0 0.441579 0.468227 0.118947 0.066890
0 0.900526 0.520903 0.114737 0.081940
0 0.055263 0.158027 0.041053 0.028428
0 0.129474 0.178094 0.035789 0.038462
4 0.017368 0.617893 0.038947 0.085284
4 0.583158 0.227425 0.098947 0.103679
5 0.783158 0.458194 0.052632 0.167224
0 0.096842 0.137960 0.029474 0.035117
0 0.295263 0.185619 0.057895 0.050167
0 0.963684 0.571906 0.095789 0.123746
0 0.063684 0.192308 0.036842 0.043478
0 0.080000 0.226589 0.048421 0.038462
0 0.088421 0.269231 0.056842 0.043478
0 0.045789 0.248328 0.032632 0.061873
0 0.040000 0.275920 0.042105 0.050167
0 0.034211 0.349498 0.078947 0.096990
0 0.620526 0.777592 0.188421 0.113712