0 0.441579 0.468227 0.118947 0.066890
0 0.899474 0.520903 0.114737 0.081940
0 0.055263 0.158027 0.041053 0.028428
0 0.129474 0.174749 0.035789 0.038462
4 0.016316 0.617893 0.038947 0.085284
4 0.582105 0.227425 0.098947 0.103679
5 0.782105 0.459866 0.052632 0.167224
0 0.096842 0.137960 0.029474 0.035117
0 0.295263 0.183946 0.057895 0.050167
0 0.963684 0.573579 0.095789 0.123746
0 0.057895 0.187291 0.033684 0.040134
0 0.077368 0.218227 0.043158 0.035117
0 0.086842 0.258361 0.053684 0.041806
0 0.048421 0.243311 0.031579 0.058528
0 0.041579 0.267559 0.041053 0.046823
0 0.419474 0.766722 0.171579 0.102007
0 0.032632 0.321070 0.048421 0.063545
0 0.021579 0.372074 0.034737 0.085284