0 0.440526 0.468227 0.118947 0.066890
0 0.898421 0.520903 0.114737 0.081940
0 0.055263 0.158027 0.041053 0.028428
0 0.128421 0.176421 0.035789 0.038462
4 0.016316 0.617893 0.038947 0.085284
4 0.581053 0.227425 0.098947 0.103679
5 0.782105 0.459866 0.052632 0.167224
0 0.096842 0.137960 0.029474 0.035117
0 0.295263 0.185619 0.057895 0.050167
0 0.963684 0.573579 0.095789 0.123746
0 0.050526 0.187291 0.033684 0.040134
0 0.076316 0.210702 0.041053 0.033445
0 0.086842 0.251672 0.051579 0.038462
0 0.051579 0.238294 0.029474 0.055184
0 0.041579 0.265886 0.041053 0.046823
0 0.261579 0.759197 0.180000 0.107023
0 0.033684 0.317726 0.048421 0.063545
0 0.018947 0.367057 0.046316 0.085284
0 0.878719 0.259821 0.060000 0.043478