0 0.440526 0.468227 0.118947 0.066890
0 0.899474 0.519231 0.114737 0.081940
0 0.056316 0.158027 0.041053 0.028428
0 0.128421 0.176421 0.035789 0.038462
4 0.016316 0.619565 0.038947 0.085284
4 0.582105 0.229097 0.098947 0.103679
5 0.782105 0.459866 0.052632 0.167224
0 0.096842 0.137960 0.029474 0.035117
0 0.294211 0.183946 0.057895 0.050167
0 0.963684 0.571906 0.095789 0.123746
0 0.046316 0.183946 0.033684 0.040134
0 0.074211 0.207358 0.041053 0.033445
0 0.085789 0.247492 0.049474 0.036789
0 0.051579 0.234950 0.029474 0.055184
0 0.042632 0.262542 0.041053 0.046823
0 0.132632 0.759197 0.197895 0.117057
0 0.035789 0.312709 0.048421 0.063545
0 0.020000 0.358696 0.046316 0.085284
0 0.920382 0.272624 0.066316 0.046823