0 0.440526 0.466555 0.118947 0.066890
0 0.899474 0.519231 0.114737 0.081940
0 0.056316 0.158863 0.038947 0.026756
0 0.129474 0.178094 0.035789 0.038462
4 0.017368 0.617893 0.038947 0.085284
4 0.583158 0.230769 0.098947 0.103679
5 0.782105 0.459866 0.052632 0.167224
0 0.097895 0.139632 0.029474 0.035117
0 0.294211 0.185619 0.057895 0.050167
0 0.963684 0.571906 0.095789 0.123746
0 0.041053 0.182274 0.033684 0.040134
0 0.071053 0.204013 0.041053 0.033445
0 0.085263 0.239967 0.046316 0.035117
0 0.054737 0.229933 0.029474 0.055184
0 0.042632 0.260870 0.041053 0.046823
0 0.037895 0.306020 0.048421 0.063545
0 0.024737 0.349498 0.051579 0.093645
0 0.982105 0.296823 0.069474 0.048495