0 0.441579 0.464883 0.118947 0.066890
0 0.896842 0.517559 0.120000 0.085284
0 0.054211 0.159699 0.041053 0.028428
0 0.129474 0.176421 0.035789 0.038462
4 0.016316 0.614548 0.038947 0.085284
4 0.581053 0.229097 0.098947 0.103679
5 0.781053 0.459866 0.052632 0.167224
0 0.096842 0.137960 0.029474 0.035117
0 0.294211 0.183946 0.057895 0.050167
0 0.963684 0.570234 0.095789 0.123746
0 0.020526 0.176421 0.034737 0.041806
0 0.053684 0.193144 0.042105 0.035117
0 0.083158 0.224080 0.044211 0.033445
0 0.058947 0.214883 0.029474 0.055184
0 0.044737 0.255017 0.038947 0.045151
0 0.044211 0.282609 0.046316 0.060201
0 0.032105 0.323579 0.049474 0.088629
0 -0.002632 0.392140 0.083158 0.055184