0 0.440526 0.464883 0.118947 0.066890
0 0.896842 0.519231 0.120000 0.085284
0 0.054211 0.158027 0.041053 0.028428
0 0.129474 0.176421 0.035789 0.038462
4 0.014211 0.614548 0.038947 0.085284
4 0.582105 0.229097 0.098947 0.103679
5 0.782105 0.458194 0.052632 0.167224
0 0.097895 0.137960 0.029474 0.035117
0 0.295263 0.185619 0.057895 0.050167
0 0.961579 0.571906 0.095789 0.123746
0 0.082105 0.214047 0.040000 0.030100
0 0.062105 0.199833 0.027368 0.051839
0 0.046316 0.249164 0.040000 0.046823
0 0.050000 0.265886 0.043158 0.056856
0 0.038947 0.301003 0.044211 0.080268
0 -0.004211 0.364548 0.111579 0.073579