0 0.440526 0.464883 0.118947 0.066890
0 0.895789 0.520903 0.120000 0.085284
0 0.054211 0.158027 0.041053 0.028428
0 0.129474 0.176421 0.035789 0.038462
4 0.014211 0.614548 0.038947 0.085284
4 0.582105 0.229097 0.098947 0.103679
5 0.781053 0.458194 0.052632 0.167224
0 0.097895 0.137960 0.029474 0.035117
0 0.295263 0.185619 0.057895 0.050167
0 0.962632 0.571906 0.095789 0.123746
0 0.083158 0.211538 0.037895 0.028428
0 0.063158 0.199833 0.027368 0.051839
0 0.046316 0.247492 0.040000 0.046823
0 0.050000 0.264214 0.043158 0.056856
0 0.041053 0.299331 0.044211 0.080268
0 -0.004211 0.362876 0.111579 0.073579