0 0.441579 0.464883 0.118947 0.066890
0 0.896842 0.519231 0.120000 0.085284
0 0.054211 0.158027 0.041053 0.028428
0 0.129474 0.174749 0.035789 0.038462
4 0.015263 0.612876 0.038947 0.085284
4 0.581053 0.229097 0.098947 0.103679
5 0.781053 0.458194 0.052632 0.167224
0 0.097895 0.139632 0.029474 0.035117
0 0.294211 0.185619 0.057895 0.050167
0 0.962632 0.571906 0.095789 0.123746
0 0.081053 0.209866 0.037895 0.028428
0 0.062105 0.196488 0.027368 0.051839
0 0.046316 0.247492 0.040000 0.046823
0 0.051053 0.260870 0.043158 0.056856
0 0.042105 0.293478 0.042105 0.075251
0 -0.003158 0.356187 0.117895 0.076923