0 0.440526 0.466555 0.118947 0.066890
0 0.895789 0.519231 0.120000 0.085284
0 0.054211 0.158027 0.041053 0.028428
0 0.129474 0.176421 0.035789 0.038462
4 0.014211 0.616221 0.038947 0.085284
4 0.581579 0.234114 0.097895 0.103679
5 0.781053 0.458194 0.052632 0.167224
0 0.097895 0.139632 0.029474 0.035117
0 0.295263 0.187291 0.057895 0.050167
0 0.962632 0.573579 0.095789 0.123746
0 0.078947 0.200669 0.040000 0.030100
0 0.056842 0.189799 0.027368 0.051839
0 0.046316 0.244147 0.040000 0.046823
0 0.052105 0.252508 0.043158 0.056856
0 0.046316 0.285117 0.040000 0.071906
0 0.033158 0.331104 0.045263 0.060201
0 0.957325 0.817460 0.099916 0.148148