0 0.440526 0.464883 0.118947 0.066890
0 0.895789 0.520903 0.120000 0.085284
0 0.054211 0.158027 0.041053 0.028428
0 0.129474 0.178094 0.035789 0.038462
4 0.013684 0.615385 0.042105 0.093645
4 0.583684 0.234114 0.097895 0.103679
5 0.781053 0.458194 0.052632 0.167224
0 0.096842 0.137960 0.029474 0.035117
0 0.295263 0.187291 0.057895 0.050167
0 0.962632 0.571906 0.095789 0.123746
0 0.075789 0.196488 0.037895 0.028428
0 0.054737 0.183110 0.029474 0.055184
0 0.048947 0.241639 0.038947 0.045151
0 0.052105 0.250836 0.043158 0.056856
0 0.047368 0.280100 0.040000 0.071906
0 0.034211 0.324415 0.045263 0.060201
0 0.798240 0.831104 0.223849 0.153846
0 0.017895 0.206522 0.042105 0.081940