0 0.440526 0.466555 0.118947 0.066890
0 0.895789 0.520903 0.120000 0.085284
0 0.054211 0.158027 0.041053 0.028428
0 0.129474 0.176421 0.035789 0.038462
4 0.014737 0.613712 0.042105 0.093645
4 0.582632 0.232441 0.097895 0.103679
5 0.781053 0.459866 0.052632 0.167224
0 0.097895 0.137960 0.029474 0.035117
0 0.295263 0.185619 0.057895 0.050167
0 0.962632 0.571906 0.095789 0.123746
0 0.075789 0.194816 0.042105 0.031773
0 0.052632 0.181438 0.029474 0.055184
0 0.048947 0.238294 0.038947 0.045151
0 0.054211 0.247492 0.043158 0.056856
0 0.047368 0.278428 0.037895 0.068562
0 0.035263 0.322742 0.045263 0.060201
0 0.686316 0.834448 0.223158 0.153846
0 0.018947 0.204849 0.042105 0.081940