0 0.441579 0.466555 0.118947 0.066890
0 0.895789 0.520903 0.120000 0.085284
0 0.054211 0.158027 0.041053 0.028428
0 0.129474 0.176421 0.035789 0.038462
4 0.014737 0.615385 0.042105 0.093645
4 0.583684 0.235786 0.097895 0.103679
5 0.782105 0.456522 0.052632 0.167224
0 0.097895 0.137960 0.029474 0.035117
0 0.295263 0.185619 0.057895 0.050167
0 0.961579 0.573579 0.095789 0.123746
0 0.072632 0.189799 0.042105 0.031773
0 0.048947 0.238294 0.038947 0.045151
0 0.053158 0.247492 0.043158 0.056856
0 0.048421 0.275084 0.037895 0.068562
0 0.036316 0.317726 0.043158 0.056856
0 0.491053 0.844482 0.234737 0.160535
0 0.021053 0.203177 0.042105 0.081940