0 0.441579 0.466555 0.118947 0.066890
0 0.896842 0.520903 0.120000 0.085284
0 0.054211 0.158027 0.041053 0.028428
0 0.129474 0.176421 0.035789 0.038462
4 0.014737 0.613712 0.042105 0.093645
4 0.582632 0.235786 0.097895 0.103679
5 0.782105 0.458194 0.052632 0.167224
0 0.097895 0.137960 0.029474 0.035117
0 0.295263 0.185619 0.057895 0.050167
0 0.962632 0.571906 0.095789 0.123746
0 0.070526 0.190635 0.044211 0.033445
0 0.048947 0.233278 0.036842 0.041806
0 0.053158 0.245819 0.043158 0.056856
0 0.048947 0.275084 0.036842 0.065217
0 0.037368 0.314381 0.043158 0.056856
0 0.330526 0.852007 0.212632 0.145485
0 0.023158 0.199833 0.042105 0.081940