0 0.441579 0.466555 0.118947 0.066890
0 0.895789 0.519231 0.120000 0.085284
0 0.054211 0.158027 0.041053 0.028428
0 0.128421 0.176421 0.035789 0.038462
4 0.014737 0.614548 0.040000 0.088629
4 0.583684 0.234114 0.097895 0.103679
5 0.781053 0.458194 0.052632 0.167224
0 0.096842 0.139632 0.029474 0.035117
0 0.295263 0.185619 0.057895 0.050167
0 0.962632 0.573579 0.095789 0.123746
0 0.064211 0.181438 0.042105 0.031773
0 0.050000 0.224916 0.036842 0.041806
0 0.054211 0.240803 0.043158 0.056856
0 0.050000 0.268395 0.036842 0.065217
0 0.039474 0.307692 0.041053 0.053512
0 0.025263 0.193144 0.046316 0.081940