0 0.440526 0.466555 0.118947 0.066890
0 0.895789 0.519231 0.120000 0.085284
0 0.055263 0.158027 0.041053 0.028428
0 0.129474 0.176421 0.035789 0.038462
4 0.014737 0.615385 0.042105 0.093645
4 0.582632 0.234114 0.097895 0.103679
5 0.781053 0.458194 0.052632 0.167224
0 0.096842 0.137960 0.029474 0.035117
0 0.295263 0.185619 0.057895 0.050167
0 0.961579 0.571906 0.095789 0.123746
0 0.057895 0.179766 0.042105 0.031773
0 0.050000 0.221572 0.036842 0.041806
0 0.053684 0.239130 0.046316 0.060201
0 0.050000 0.266722 0.036842 0.065217
0 0.039474 0.304348 0.041053 0.053512
0 0.028421 0.190635 0.042105 0.073579