0 0.440526 0.466555 0.118947 0.066890
0 0.895789 0.519231 0.120000 0.085284
0 0.053158 0.158863 0.038947 0.026756
0 0.129474 0.174749 0.035789 0.038462
4 0.013684 0.615385 0.042105 0.093645
4 0.582632 0.232441 0.097895 0.103679
5 0.782105 0.458194 0.052632 0.167224
0 0.097895 0.137960 0.029474 0.035117
0 0.295263 0.185619 0.057895 0.050167
0 0.962632 0.570234 0.095789 0.123746
0 0.055789 0.179766 0.042105 0.031773
0 0.048947 0.219064 0.034737 0.040134
0 0.054211 0.235786 0.043158 0.056856
0 0.051053 0.263378 0.036842 0.065217
0 0.040526 0.302676 0.041053 0.053512
0 0.018947 0.195652 0.040000 0.070234