0 0.440526 0.466555 0.118947 0.066890
0 0.895789 0.519231 0.120000 0.085284
0 0.054211 0.159699 0.041053 0.028428
0 0.129474 0.178094 0.035789 0.038462
4 0.014737 0.613712 0.042105 0.093645
4 0.583684 0.234114 0.097895 0.103679
5 0.781053 0.458194 0.052632 0.167224
0 0.097895 0.137960 0.029474 0.035117
0 0.295263 0.185619 0.057895 0.050167
0 0.961579 0.573579 0.095789 0.123746
0 0.056842 0.179766 0.042105 0.031773
0 0.048947 0.220736 0.034737 0.040134
0 0.054211 0.235786 0.043158 0.056856
0 0.051053 0.261706 0.036842 0.065217
0 0.040526 0.302676 0.041053 0.053512
0 0.018947 0.195652 0.040000 0.070234