0 0.511415 0.114644 0.017047 0.081111
2 0.011100 0.651694 0.020677 0.085752
0 0.069712 0.640501 0.085294 0.112117
0 0.060255 0.566621 0.107695 0.114776
0 0.128118 0.521108 0.071509 0.108179
0 0.225244 0.561125 0.091125 0.155671
0 0.241116 0.451166 0.060109 0.085752
0 0.141554 0.182586 0.061755 0.081794
0 0.157924 0.412058 0.072171 0.112117
0 0.188078 0.117282 0.041078 0.067282
0 0.412448 0.126517 0.049109 0.072559
0 0.410909 0.274406 0.017047 0.052770
0 0.450972 0.271087 0.019612 0.058047
0 0.425556 0.218786 0.017047 0.055409
0 0.442156 0.194591 0.016185 0.051451
0 0.451814 0.150196 0.011016 0.044855
0 0.496204 0.075858 0.011878 0.015620
0 0.498788 0.045515 0.018091 0.025066
0 0.511004 0.029681 0.025847 0.010141
0 0.514974 0.011191 0.024985 0.026185
2 0.521774 0.118074 0.012921 0.010141
2 0.450972 0.091668 0.008616 0.019578
2 0.459157 0.098285 0.012921 0.018259
0 0.154908 0.257916 0.064617 0.064644
2 0.585175 0.097625 0.011785 0.050112
0 0.611651 0.116621 0.071509 0.047491
0 0.629115 0.262511 0.065478 0.058047
0 0.627161 0.214169 0.056001 0.046174
0 0.627591 0.211720 0.055140 0.052770
0 0.627161 0.158971 0.011878 0.051451
0 0.558216 0.048151 0.024985 0.010141
0 0.521141 0.075198 0.011785 0.029024
0 0.515405 0.058707 0.018954 0.027704
0 0.169124 0.162269 0.011016 0.055409
0 0.145862 0.188654 0.027570 0.055409
0 0.192186 0.082454 0.012719 0.015620
0 0.161091 0.102902 0.011016 0.044855
0 0.419094 0.050112 0.014462 0.014101
0 0.444941 0.015620 0.014462 0.019578
