0 0.511480 0.328125 0.034864 0.078125
2 0.012755 0.651693 0.020408 0.084635
0 0.069728 0.639323 0.085034 0.111979
0 0.059524 0.566406 0.107143 0.114583
0 0.127551 0.520182 0.071429 0.108073
0 0.221514 0.565755 0.090986 0.154948
0 0.241497 0.453776 0.059524 0.084635
0 0.340136 0.382812 0.062925 0.080729
0 0.355867 0.433594 0.072279 0.111979
0 0.387755 0.315755 0.042517 0.066406
0 0.430697 0.327474 0.048469 0.071615
0 0.410289 0.273438 0.036565 0.052083
0 0.449830 0.273438 0.039116 0.057292
0 0.424745 0.238281 0.036565 0.054688
0 0.441327 0.193359 0.035714 0.050781
0 0.451531 0.149740 0.030612 0.044271
0 0.495323 0.074870 0.031463 0.035156
0 0.498724 0.044922 0.017857 0.024740
0 0.512755 0.029297 0.025510 0.029948
0 0.534439 0.013021 0.024660 0.026042
2 0.522534 0.117188 0.012755 0.031250
2 0.450680 0.092448 0.008503 0.039062
2 0.458759 0.097005 0.012755 0.037760
0 0.364483 0.237424 0.056883 0.063802
2 0.585034 0.096354 0.013605 0.049479
0 0.611653 0.316623 0.071509 0.047493
0 0.629315 0.262533 0.065478 0.058047
0 0.627161 0.234169 0.056001 0.046174
0 0.627591 0.213720 0.055140 0.052770
0 0.627161 0.158971 0.031878 0.051451
0 0.558236 0.048153 0.024985 0.030343
0 0.523343 0.075198 0.013785 0.029024
0 0.535405 0.058707 0.018954 0.027704
0 0.369124 0.162269 0.031016 0.055409
0 0.345862 0.188654 0.027570 0.055409
0 0.392386 0.082454 0.032739 0.035620
0 0.363093 0.102902 0.031016 0.044855
0 0.419094 0.050132 0.034462 0.034301
0 0.444941 0.035620 0.034462 0.039578
