0 0.497449 0.385417 0.040816 0.091146
2 0.011905 0.651693 0.020408 0.084635
0 0.069728 0.640625 0.085034 0.111979
0 0.059524 0.566406 0.107143 0.114583
0 0.129252 0.521484 0.071429 0.108073
0 0.209609 0.577474 0.090986 0.154948
0 0.236395 0.462891 0.059524 0.084635
0 0.338435 0.382812 0.062925 0.080729
0 0.349065 0.440104 0.072279 0.111979
0 0.388605 0.318359 0.040816 0.063802
0 0.426446 0.335286 0.048469 0.071615
0 0.411139 0.273438 0.036565 0.052083
0 0.447279 0.277344 0.039116 0.057292
0 0.426446 0.236979 0.036565 0.054688
0 0.441327 0.193359 0.035714 0.050781
0 0.451531 0.148438 0.030612 0.044271
0 0.496173 0.076172 0.031463 0.035156
0 0.497874 0.043620 0.017857 0.024740
0 0.512755 0.029297 0.025510 0.029948
0 0.532738 0.014323 0.024660 0.026042
2 0.524235 0.114583 0.014456 0.033854
2 0.448980 0.092448 0.008503 0.039062
2 0.458759 0.097656 0.012755 0.039062
0 0.379677 0.203125 0.046769 0.059896
2 0.588010 0.097656 0.014456 0.054688
2 0.596939 0.102865 0.015306 0.033854
0 0.611653 0.316623 0.071509 0.047493
0 0.629315 0.262533 0.065478 0.058047
0 0.627161 0.234169 0.056001 0.046174
0 0.627591 0.213720 0.055140 0.052770
0 0.627161 0.158971 0.031878 0.051451
0 0.558236 0.048153 0.024985 0.030343
0 0.523343 0.075198 0.013785 0.029024
0 0.535405 0.058707 0.018954 0.027704
0 0.369124 0.162269 0.031016 0.055409
0 0.345862 0.188654 0.027570 0.055409
0 0.392386 0.082454 0.032739 0.035620
0 0.363093 0.102902 0.031016 0.044855
0 0.419094 0.050132 0.034462 0.034301
0 0.444941 0.035620 0.034462 0.039578
