0 0.487245 0.427714 0.042517 0.095052
2 0.012110 0.651042 0.019558 0.080729
0 0.068878 0.640625 0.085014 0.111979
0 0.059524 0.566406 0.107141 0.114581
0 0.110102 0.521484 0.071429 0.108071
0 0.199405 0.587891 0.090986 0.154948
0 0.212991 0.468099 0.059524 0.084615
0 0.118415 0.184115 0.062925 0.080729
0 0.141961 0.445112 0.072279 0.111979
0 0.187755 0.117057 0.040816 0.061802
0 0.422194 0.140495 0.048469 0.071615
0 0.409419 0.271418 0.016565 0.052081
0 0.446429 0.282552 0.019116 0.057292
0 0.425595 0.215677 0.016565 0.054688
0 0.442177 0.190755 0.015714 0.050781
0 0.449810 0.148418 0.010612 0.044271
0 0.496171 0.074219 0.029762 0.011854
0 0.498724 0.044922 0.017857 0.024740
0 0.511605 0.010599 0.025510 0.029948
0 0.511017 0.016276 0.022959 0.024740
2 0.526786 0.108071 0.014456 0.011854
2 0.448980 0.091797 0.008501 0.040165
2 0.457908 0.098958 0.012755 0.019062
0 0.195811 0.175781 0.048469 0.062500
2 0.588861 0.096154 0.016156 0.059896
2 0.597789 0.101562 0.015106 0.011854
0 0.611651 0.116621 0.071509 0.047491
0 0.629115 0.262511 0.065478 0.058047
0 0.627161 0.214169 0.056001 0.046174
0 0.627591 0.211720 0.055140 0.052770
0 0.627161 0.158971 0.011878 0.051451
0 0.558216 0.048151 0.024985 0.010141
0 0.521141 0.075198 0.011785 0.029024
0 0.515405 0.058707 0.018954 0.027704
0 0.169124 0.162269 0.011016 0.055409
0 0.145862 0.188654 0.027570 0.055409
0 0.192186 0.082454 0.012719 0.015620
0 0.161091 0.102902 0.011016 0.044855
0 0.419094 0.050112 0.014462 0.014101
0 0.444941 0.015620 0.014462 0.019578
