0 0.471619 0.477214 0.049120 0.110677
2 0.012110 0.652144 0.019558 0.080729
0 0.068027 0.618021 0.085014 0.111979
0 0.058671 0.566406 0.107141 0.114581
0 0.110102 0.521484 0.071429 0.108071
0 0.186224 0.604818 0.086715 0.147115
0 0.211291 0.477214 0.059524 0.084615
0 0.117585 0.185417 0.062925 0.080729
0 0.118010 0.449219 0.075680 0.117188
0 0.187755 0.117057 0.040816 0.061802
0 0.418791 0.147005 0.048469 0.071615
0 0.410289 0.271418 0.016565 0.052081
0 0.441027 0.290165 0.019116 0.057292
0 0.425595 0.216979 0.016565 0.054688
0 0.441127 0.192057 0.015714 0.050781
0 0.449810 0.148418 0.010612 0.044271
0 0.496171 0.075521 0.029762 0.011854
0 0.498724 0.041620 0.017857 0.024740
0 0.511905 0.010599 0.025510 0.029948
0 0.511888 0.015625 0.024660 0.026042
2 0.528061 0.108071 0.015106 0.016458
2 0.448980 0.091146 0.008501 0.019062
2 0.457908 0.100260 0.012755 0.019062
0 0.408588 0.146484 0.041667 0.051185
2 0.589286 0.096154 0.015106 0.057292
2 0.598619 0.096154 0.015106 0.011854
0 0.611651 0.116621 0.071509 0.047491
0 0.629115 0.262511 0.065478 0.058047
0 0.627161 0.214169 0.056001 0.046174
0 0.627591 0.211720 0.055140 0.052770
0 0.627161 0.158971 0.011878 0.051451
0 0.558216 0.048151 0.024985 0.010141
0 0.521141 0.075198 0.011785 0.029024
0 0.515405 0.058707 0.018954 0.027704
0 0.169124 0.162269 0.011016 0.055409
0 0.145862 0.188654 0.027570 0.055409
0 0.192186 0.082454 0.012719 0.015620
0 0.161091 0.102902 0.011016 0.044855
0 0.419094 0.050112 0.014462 0.014101
0 0.444941 0.015620 0.014462 0.019578
