0 0.453656 0.573568 0.051871 0.115885
2 0.012330 0.652344 0.019558 0.080729
0 0.068878 0.639323 0.085034 0.111979
0 0.060374 0.566406 0.107143 0.114583
0 0.130102 0.520182 0.071429 0.108073
0 0.171769 0.617839 0.086735 0.147135
0 0.227891 0.485026 0.059524 0.084635
0 0.335034 0.388021 0.062925 0.080729
0 0.332058 0.457031 0.075680 0.117188
0 0.387755 0.318359 0.040816 0.063802
0 0.415391 0.354818 0.048469 0.071615
0 0.410289 0.273438 0.036565 0.052083
0 0.439626 0.300781 0.039116 0.057292
0 0.425595 0.238281 0.036565 0.054688
0 0.441327 0.192057 0.035714 0.050781
0 0.449830 0.148438 0.030612 0.044271
0 0.496173 0.074219 0.029762 0.033854
0 0.497024 0.044922 0.017857 0.024740
0 0.512755 0.029297 0.025510 0.029948
0 0.530187 0.016927 0.024660 0.026042
2 0.527211 0.106771 0.015306 0.036458
2 0.449405 0.090495 0.009354 0.042969
2 0.459609 0.098307 0.012755 0.037760
0 0.424320 0.113932 0.044218 0.055990
2 0.588861 0.096354 0.016156 0.059896
0 0.611653 0.316623 0.071509 0.047493
0 0.629315 0.262533 0.065478 0.058047
0 0.627161 0.234169 0.056001 0.046174
0 0.627591 0.213720 0.055140 0.052770
0 0.627161 0.158971 0.031878 0.051451
0 0.558236 0.048153 0.024985 0.030343
0 0.523343 0.075198 0.013785 0.029024
0 0.535405 0.058707 0.018954 0.027704
0 0.369124 0.162269 0.031016 0.055409
0 0.345862 0.188654 0.027570 0.055409
0 0.392386 0.082454 0.032739 0.035620
0 0.363093 0.102902 0.031016 0.044855
0 0.419094 0.050132 0.034462 0.034301
0 0.444941 0.035620 0.034462 0.039578
