0 0.447279 0.658201 0.054422 0.144511
2 0.012755 0.651691 0.020408 0.084615
0 0.068027 0.619121 0.085014 0.111979
0 0.059524 0.565104 0.107141 0.114581
0 0.129252 0.521484 0.071429 0.108071
0 0.151061 0.616068 0.086715 0.147115
0 0.222789 0.514974 0.064626 0.114115
0 0.110157 0.189974 0.060174 0.076821
0 0.128656 0.459615 0.075680 0.117188
0 0.188605 0.117057 0.040816 0.061802
0 0.411990 0.160026 0.048469 0.071615
0 0.410289 0.271418 0.016565 0.052081
0 0.418776 0.101185 0.019116 0.057292
0 0.425595 0.216979 0.016565 0.054688
0 0.441127 0.192057 0.015714 0.050781
0 0.450680 0.149740 0.010612 0.044271
0 0.495121 0.074219 0.029762 0.011854
0 0.497024 0.044922 0.017857 0.024740
0 0.512755 0.010599 0.025510 0.029948
0 0.529117 0.015625 0.024660 0.026042
2 0.526161 0.106771 0.015106 0.016458
2 0.449810 0.091099 0.008501 0.040165
2 0.459609 0.099609 0.012755 0.017760
0 0.414949 0.097005 0.041667 0.051185
0 0.462172 0.261871 0.016185 0.075198
0 0.462160 0.250651 0.011461 0.058594
2 0.587160 0.097656 0.016156 0.059896
0 0.611651 0.116621 0.071509 0.047491
0 0.629115 0.262511 0.065478 0.058047
0 0.627161 0.214169 0.056001 0.046174
0 0.627591 0.211720 0.055140 0.052770
0 0.627161 0.158971 0.011878 0.051451
0 0.558216 0.048151 0.024985 0.010141
0 0.521141 0.075198 0.011785 0.029024
0 0.515405 0.058707 0.018954 0.027704
0 0.169124 0.162269 0.011016 0.055409
0 0.145862 0.188654 0.027570 0.055409
0 0.192186 0.082454 0.012719 0.015620
0 0.161091 0.102902 0.011016 0.044855
0 0.419094 0.050112 0.014462 0.014101
0 0.444941 0.015620 0.014462 0.019578
