0 0.450680 0.756510 0.062925 0.166667
2 0.012755 0.651691 0.020408 0.084615
0 0.068027 0.640625 0.085014 0.111979
0 0.059524 0.566406 0.107141 0.114581
0 0.110102 0.520182 0.071429 0.108071
0 0.119881 0.646484 0.090986 0.154948
0 0.221919 0.520182 0.064626 0.114115
0 0.126105 0.196484 0.060174 0.076821
0 0.124405 0.461542 0.075680 0.117188
0 0.187755 0.118159 0.040816 0.061802
0 0.408161 0.161281 0.051020 0.075521
0 0.410289 0.274740 0.016565 0.052081
0 0.417075 0.107292 0.019116 0.057292
0 0.425595 0.216979 0.016565 0.054688
0 0.441127 0.191159 0.015714 0.050781
0 0.451511 0.149740 0.010612 0.044271
0 0.495121 0.075521 0.029762 0.011854
0 0.497874 0.044922 0.017857 0.024740
0 0.511905 0.011901 0.025510 0.029948
0 0.510187 0.016276 0.022959 0.024740
2 0.527211 0.108071 0.015106 0.016458
2 0.457058 0.095701 0.012755 0.040165
0 0.446854 0.078776 0.041667 0.051185
0 0.460459 0.255859 0.011161 0.061198
2 0.586110 0.087240 0.012755 0.016458
0 0.611651 0.116621 0.071509 0.047491
0 0.629115 0.262511 0.065478 0.058047
0 0.627161 0.214169 0.056001 0.046174
0 0.627591 0.211720 0.055140 0.052770
0 0.627161 0.158971 0.011878 0.051451
0 0.558216 0.048151 0.024985 0.010141
0 0.521141 0.075198 0.011785 0.029024
0 0.515405 0.058707 0.018954 0.027704
0 0.169124 0.162269 0.011016 0.055409
0 0.145862 0.188654 0.027570 0.055409
0 0.192186 0.082454 0.012719 0.015620
0 0.161091 0.102902 0.011016 0.044855
0 0.419094 0.050112 0.014462 0.014101
0 0.444941 0.015620 0.014462 0.019578
