0 0.450680 0.794271 0.062925 0.166667
2 0.011905 0.652995 0.020408 0.084615
0 0.068027 0.640625 0.085014 0.111979
0 0.059524 0.566406 0.107141 0.114581
0 0.110102 0.518880 0.071429 0.108071
0 0.115629 0.650191 0.090986 0.154948
0 0.220218 0.522786 0.064626 0.114115
0 0.124405 0.196484 0.060174 0.076821
0 0.124405 0.466146 0.075680 0.117188
0 0.188605 0.117057 0.040816 0.061802
0 0.408161 0.165885 0.051020 0.075521
0 0.410289 0.274740 0.016565 0.052081
0 0.417075 0.107292 0.019116 0.057292
0 0.426446 0.215677 0.016565 0.054688
0 0.442177 0.191159 0.015714 0.050781
0 0.449810 0.149740 0.010612 0.044271
0 0.495121 0.076821 0.029762 0.011854
0 0.497874 0.041620 0.017857 0.024740
0 0.512755 0.011901 0.025510 0.029948
0 0.529117 0.016276 0.022959 0.024740
2 0.528061 0.108071 0.015106 0.016458
2 0.457481 0.095701 0.011605 0.042969
0 0.455970 0.062572 0.010199 0.026914
0 0.460459 0.256510 0.014864 0.065104
2 0.585459 0.087240 0.012755 0.016458
0 0.611651 0.116621 0.071509 0.047491
0 0.629115 0.262511 0.065478 0.058047
0 0.627161 0.214169 0.056001 0.046174
0 0.627591 0.211720 0.055140 0.052770
0 0.627161 0.158971 0.011878 0.051451
0 0.558216 0.048151 0.024985 0.010141
0 0.521141 0.075198 0.011785 0.029024
0 0.515405 0.058707 0.018954 0.027704
0 0.169124 0.162269 0.011016 0.055409
0 0.145862 0.188654 0.027570 0.055409
0 0.192186 0.082454 0.012719 0.015620
0 0.161091 0.102902 0.011016 0.044855
0 0.419094 0.050112 0.014462 0.014101
0 0.444941 0.015620 0.014462 0.019578
