2 0.014031 0.649740 0.019558 0.080729
0 0.068027 0.639323 0.085034 0.111979
0 0.060374 0.565104 0.107143 0.114583
0 0.068027 0.693359 0.095238 0.162760
0 0.192177 0.587891 0.078231 0.162760
0 0.296769 0.419271 0.062925 0.080729
0 0.301020 0.492839 0.083333 0.128906
0 0.376701 0.332682 0.040816 0.063802
0 0.389456 0.389323 0.056122 0.083333
0 0.410289 0.274740 0.036565 0.052083
0 0.431122 0.321615 0.039116 0.057292
0 0.425595 0.238281 0.036565 0.054688
0 0.441327 0.192057 0.035714 0.050781
0 0.450680 0.148438 0.030612 0.044271
0 0.494473 0.078125 0.029762 0.033854
0 0.497874 0.044922 0.017857 0.024740
0 0.513605 0.031901 0.025510 0.029948
0 0.528486 0.016276 0.022959 0.024740
2 0.457908 0.097656 0.012755 0.039062
0 0.455357 0.274740 0.034864 0.065104
2 0.584609 0.082682 0.014456 0.042969
0 0.611653 0.316623 0.071509 0.047493
0 0.629315 0.262533 0.065478 0.058047
0 0.627161 0.234169 0.056001 0.046174
0 0.627591 0.213720 0.055140 0.052770
0 0.627161 0.158971 0.031878 0.051451
0 0.558236 0.048153 0.024985 0.030343
0 0.523343 0.075198 0.013785 0.029024
0 0.535405 0.058707 0.018954 0.027704
0 0.369124 0.162269 0.031016 0.055409
0 0.345862 0.188654 0.027570 0.055409
0 0.392386 0.082454 0.032739 0.035620
0 0.363093 0.102902 0.031016 0.044855
0 0.419094 0.050132 0.034462 0.034301
0 0.444941 0.035620 0.034462 0.039578
