2 0.014011 0.649740 0.019558 0.080729
0 0.068027 0.618021 0.085014 0.111979
0 0.059524 0.566406 0.107141 0.114581
0 0.068027 0.691159 0.095218 0.162760
0 0.191127 0.589191 0.078211 0.162760
0 0.296769 0.420571 0.062925 0.080729
0 0.101020 0.491516 0.081111 0.128906
0 0.176701 0.112682 0.040816 0.061802
0 0.188605 0.190625 0.056122 0.081111
0 0.410289 0.274740 0.016565 0.052081
0 0.410272 0.119010 0.019116 0.057292
0 0.426446 0.218281 0.016565 0.054688
0 0.441127 0.192057 0.015714 0.050781
0 0.450680 0.148418 0.010612 0.044271
0 0.495121 0.076821 0.029762 0.011854
0 0.497874 0.041620 0.017857 0.024740
0 0.511605 0.010599 0.025510 0.029948
0 0.529117 0.016276 0.022959 0.024740
2 0.458759 0.097656 0.012755 0.019062
0 0.456207 0.274740 0.014864 0.065104
2 0.585459 0.081984 0.014456 0.042969
0 0.611651 0.116621 0.071509 0.047491
0 0.629115 0.262511 0.065478 0.058047
0 0.627161 0.214169 0.056001 0.046174
0 0.627591 0.211720 0.055140 0.052770
0 0.627161 0.158971 0.011878 0.051451
0 0.558216 0.048151 0.024985 0.010141
0 0.521141 0.075198 0.011785 0.029024
0 0.515405 0.058707 0.018954 0.027704
0 0.169124 0.162269 0.011016 0.055409
0 0.145862 0.188654 0.027570 0.055409
0 0.192186 0.082454 0.012719 0.015620
0 0.161091 0.102902 0.011016 0.044855
0 0.419094 0.050112 0.014462 0.014101
0 0.444941 0.015620 0.014462 0.019578
