0 0.073554 0.690755 0.104592 0.170573
0 0.062925 0.575521 0.110544 0.127604
0 0.057823 0.647786 0.095238 0.110677
0 0.177721 0.608724 0.079932 0.141927
0 0.297619 0.485677 0.074830 0.101562
0 0.269983 0.442057 0.079082 0.100260
0 0.380527 0.400391 0.051871 0.071615
0 0.366071 0.345052 0.053571 0.065104
0 0.426446 0.339193 0.045068 0.066406
0 0.453656 0.279948 0.036565 0.062500
0 0.411990 0.276042 0.029762 0.052083
0 0.428146 0.245443 0.024660 0.069010
0 0.440901 0.198568 0.031463 0.042969
0 0.449405 0.154297 0.029762 0.053385
0 0.491497 0.085286 0.027211 0.035156
0 0.495748 0.047526 0.020408 0.022135
0 0.511480 0.024740 0.024660 0.028646
0 0.527211 0.013021 0.028912 0.031250
2 0.575255 0.072266 0.009354 0.040365
2 0.583759 0.080729 0.007653 0.031250
2 0.466412 0.097005 0.017857 0.040365
0 0.323554 0.317708 0.080782 0.083333
0 0.611653 0.316623 0.071509 0.047493
0 0.629315 0.262533 0.065478 0.058047
0 0.627161 0.234169 0.056001 0.046174
0 0.627591 0.213720 0.055140 0.052770
0 0.627161 0.158971 0.031878 0.051451
0 0.558236 0.048153 0.024985 0.030343
0 0.523343 0.075198 0.013785 0.029024
0 0.535405 0.058707 0.018954 0.027704
0 0.369124 0.162269 0.031016 0.055409
0 0.345862 0.188654 0.027570 0.055409
0 0.392386 0.082454 0.032739 0.035620
0 0.363093 0.102902 0.031016 0.044855
0 0.419094 0.050132 0.034462 0.034301
0 0.444941 0.035620 0.034462 0.039578
