0 0.073554 0.692057 0.104592 0.170573
0 0.062075 0.574219 0.110544 0.127604
0 0.057823 0.647786 0.095238 0.110677
0 0.177721 0.607422 0.079932 0.141927
0 0.297619 0.485677 0.074830 0.101562
0 0.267432 0.443359 0.079082 0.100260
0 0.380952 0.399089 0.054422 0.074219
0 0.366071 0.346354 0.053571 0.065104
0 0.425595 0.340495 0.045068 0.066406
0 0.454507 0.281250 0.036565 0.062500
0 0.411990 0.276042 0.029762 0.052083
0 0.427296 0.245443 0.022959 0.066406
0 0.440901 0.198568 0.031463 0.042969
0 0.449405 0.154297 0.029762 0.053385
0 0.491497 0.085286 0.027211 0.035156
0 0.494898 0.047526 0.020408 0.022135
0 0.511480 0.024740 0.024660 0.028646
0 0.528061 0.014323 0.028912 0.031250
2 0.575255 0.071615 0.009354 0.041667
2 0.583759 0.080729 0.007653 0.031250
2 0.467262 0.097005 0.017857 0.040365
0 0.323129 0.317057 0.076531 0.079427
0 0.611653 0.316623 0.071509 0.047493
0 0.629315 0.262533 0.065478 0.058047
0 0.627161 0.234169 0.056001 0.046174
0 0.627591 0.213720 0.055140 0.052770
0 0.627161 0.158971 0.031878 0.051451
0 0.558236 0.048153 0.024985 0.030343
0 0.523343 0.075198 0.013785 0.029024
0 0.535405 0.058707 0.018954 0.027704
0 0.369124 0.162269 0.031016 0.055409
0 0.345862 0.188654 0.027570 0.055409
0 0.392386 0.082454 0.032739 0.035620
0 0.363093 0.102902 0.031016 0.044855
0 0.419094 0.050132 0.034462 0.034301
0 0.444941 0.035620 0.034462 0.039578
