0 0.071554 0.690755 0.104592 0.170571
0 0.062075 0.576821 0.110544 0.127604
0 0.057821 0.647786 0.095218 0.110677
0 0.178571 0.608724 0.079912 0.141927
0 0.297619 0.485677 0.074810 0.101562
0 0.252126 0.451172 0.075680 0.095052
0 0.177551 0.401646 0.057821 0.078125
0 0.157568 0.155469 0.051571 0.065104
0 0.421044 0.147005 0.045068 0.066406
0 0.454507 0.281250 0.016565 0.062500
0 0.411119 0.277144 0.029762 0.052081
0 0.426446 0.245441 0.022959 0.066406
0 0.419201 0.198568 0.011461 0.042969
0 0.449405 0.152995 0.029762 0.051185
0 0.489796 0.090495 0.027211 0.015156
0 0.495748 0.047526 0.020408 0.022115
0 0.510629 0.024740 0.024660 0.028646
0 0.528061 0.014121 0.028912 0.011250
2 0.571129 0.071615 0.010204 0.044271
2 0.466817 0.096154 0.020408 0.046875
0 0.141817 0.292118 0.066127 0.069010
0 0.611651 0.116621 0.071509 0.047491
0 0.629115 0.262511 0.065478 0.058047
0 0.627161 0.214169 0.056001 0.046174
0 0.627591 0.211720 0.055140 0.052770
0 0.627161 0.158971 0.011878 0.051451
0 0.558216 0.048151 0.024985 0.010141
0 0.521141 0.075198 0.011785 0.029024
0 0.515405 0.058707 0.018954 0.027704
0 0.169124 0.162269 0.011016 0.055409
0 0.145862 0.188654 0.027570 0.055409
0 0.192186 0.082454 0.012719 0.015620
0 0.161091 0.102902 0.011016 0.044855
0 0.419094 0.050112 0.014462 0.014101
0 0.444941 0.015620 0.014462 0.019578
