0 0.071554 0.692057 0.104592 0.170571
0 0.062075 0.575521 0.110544 0.127604
0 0.058671 0.649089 0.095218 0.110677
0 0.177721 0.608724 0.079912 0.141927
0 0.296144 0.486979 0.070578 0.096154
0 0.211418 0.462891 0.075680 0.095052
0 0.174150 0.408854 0.057821 0.078125
0 0.118010 0.172196 0.051571 0.065104
0 0.419641 0.151516 0.045068 0.066406
0 0.451656 0.285156 0.016565 0.062500
0 0.411990 0.277144 0.029762 0.052081
0 0.426446 0.245441 0.022959 0.066406
0 0.440051 0.199870 0.011461 0.042969
0 0.449405 0.154297 0.029762 0.051185
0 0.489796 0.100260 0.010612 0.019062
0 0.494898 0.050110 0.020408 0.022115
0 0.511480 0.026042 0.024660 0.028646
0 0.528061 0.014121 0.028912 0.011250
2 0.571854 0.072917 0.009154 0.041667
2 0.466412 0.096154 0.019558 0.044271
0 0.167772 0.251906 0.056971 0.059896
0 0.611651 0.116621 0.071509 0.047491
0 0.629115 0.262511 0.065478 0.058047
0 0.627161 0.214169 0.056001 0.046174
0 0.627591 0.211720 0.055140 0.052770
0 0.627161 0.158971 0.011878 0.051451
0 0.558216 0.048151 0.024985 0.010141
0 0.521141 0.075198 0.011785 0.029024
0 0.515405 0.058707 0.018954 0.027704
0 0.169124 0.162269 0.011016 0.055409
0 0.145862 0.188654 0.027570 0.055409
0 0.192186 0.082454 0.012719 0.015620
0 0.161091 0.102902 0.011016 0.044855
0 0.419094 0.050112 0.014462 0.014101
0 0.444941 0.015620 0.014462 0.019578
