0 0.071554 0.692057 0.104592 0.170571
0 0.062075 0.576172 0.105442 0.121094
0 0.057821 0.649089 0.095218 0.110677
0 0.177721 0.610026 0.079912 0.141927
0 0.286990 0.496094 0.079082 0.111979
0 0.218112 0.472005 0.079082 0.100260
0 0.171599 0.411458 0.057821 0.078125
0 0.117602 0.194511 0.051571 0.065104
0 0.418791 0.154818 0.045068 0.066406
0 0.452806 0.285156 0.016565 0.062500
0 0.411990 0.277144 0.029762 0.052081
0 0.427296 0.245441 0.022959 0.066406
0 0.440051 0.198568 0.011461 0.042969
0 0.448554 0.154297 0.029762 0.051185
0 0.486195 0.115885 0.010612 0.019062
0 0.494898 0.052714 0.020408 0.022115
0 0.510204 0.024089 0.021810 0.027144
0 0.528912 0.014121 0.028912 0.011250
2 0.570151 0.070112 0.009154 0.041667
2 0.466412 0.096154 0.019558 0.044271
0 0.190711 0.197266 0.051871 0.051185
0 0.611651 0.116621 0.071509 0.047491
0 0.629115 0.262511 0.065478 0.058047
0 0.627161 0.214169 0.056001 0.046174
0 0.627591 0.211720 0.055140 0.052770
0 0.627161 0.158971 0.011878 0.051451
0 0.558216 0.048151 0.024985 0.010141
0 0.521141 0.075198 0.011785 0.029024
0 0.515405 0.058707 0.018954 0.027704
0 0.169124 0.162269 0.011016 0.055409
0 0.145862 0.188654 0.027570 0.055409
0 0.192186 0.082454 0.012719 0.015620
0 0.161091 0.102902 0.011016 0.044855
0 0.419094 0.050112 0.014462 0.014101
0 0.444941 0.015620 0.014462 0.019578
