0 0.071554 0.692057 0.104592 0.170571
0 0.061776 0.574870 0.105442 0.121094
0 0.058671 0.649089 0.095218 0.110677
0 0.177721 0.610026 0.079912 0.141927
0 0.284419 0.500000 0.082481 0.117188
0 0.201656 0.481120 0.079082 0.100260
0 0.170748 0.412760 0.057821 0.078125
0 0.100595 0.410156 0.051571 0.065104
0 0.417942 0.154818 0.045068 0.066406
0 0.451956 0.289062 0.016565 0.062500
0 0.406017 0.287760 0.029762 0.052081
0 0.425595 0.245441 0.024660 0.069010
0 0.440051 0.198568 0.011461 0.042969
0 0.449405 0.154297 0.029762 0.051185
0 0.482141 0.140625 0.010612 0.019062
0 0.491197 0.059245 0.020408 0.022115
0 0.510204 0.025191 0.021810 0.027144
0 0.528061 0.014121 0.028912 0.011250
2 0.467262 0.096154 0.019558 0.044271
0 0.411565 0.147786 0.044218 0.045571
0 0.142262 0.272115 0.055272 0.059896
2 0.569101 0.066406 0.014456 0.019062
2 0.580157 0.066406 0.009154 0.011250
0 0.611651 0.116621 0.071509 0.047491
0 0.629115 0.262511 0.065478 0.058047
0 0.627161 0.214169 0.056001 0.046174
0 0.627591 0.211720 0.055140 0.052770
0 0.627161 0.158971 0.011878 0.051451
0 0.558216 0.048151 0.024985 0.010141
0 0.521141 0.075198 0.011785 0.029024
0 0.515405 0.058707 0.018954 0.027704
0 0.169124 0.162269 0.011016 0.055409
0 0.145862 0.188654 0.027570 0.055409
0 0.192186 0.082454 0.012719 0.015620
0 0.161091 0.102902 0.011016 0.044855
0 0.419094 0.050112 0.014462 0.014101
0 0.444941 0.015620 0.014462 0.019578
