0 0.071554 0.692057 0.104592 0.170571
0 0.062075 0.576172 0.105442 0.121094
0 0.057821 0.647786 0.095218 0.110677
0 0.176871 0.608724 0.079912 0.141927
0 0.281588 0.500000 0.082481 0.117188
0 0.184949 0.490214 0.079082 0.100260
0 0.169048 0.414062 0.057821 0.078125
0 0.284014 0.422526 0.059524 0.071615
0 0.417092 0.156120 0.045068 0.066406
0 0.449405 0.294271 0.016565 0.062500
0 0.192412 0.107292 0.029762 0.052081
0 0.425595 0.249149 0.022959 0.066406
0 0.440051 0.198568 0.011461 0.042969
0 0.450255 0.152995 0.029762 0.051185
0 0.477891 0.170571 0.012111 0.041667
0 0.491922 0.066406 0.024660 0.026042
0 0.507228 0.027995 0.026161 0.029948
0 0.528061 0.014121 0.028912 0.011250
2 0.467262 0.096154 0.019558 0.044271
0 0.427296 0.108071 0.019966 0.041667
0 0.186054 0.205078 0.044218 0.048177
2 0.571001 0.066406 0.014456 0.019062
2 0.584609 0.061802 0.009154 0.011250
0 0.015289 0.546875 0.075680 0.104167
0 0.680697 0.042118 0.021259 0.019511
0 0.611651 0.116621 0.071509 0.047491
0 0.629115 0.262511 0.065478 0.058047
0 0.627161 0.214169 0.056001 0.046174
0 0.627591 0.211720 0.055140 0.052770
0 0.627161 0.158971 0.011878 0.051451
0 0.558216 0.048151 0.024985 0.010141
0 0.521141 0.075198 0.011785 0.029024
0 0.515405 0.058707 0.018954 0.027704
0 0.169124 0.162269 0.011016 0.055409
0 0.145862 0.188654 0.027570 0.055409
0 0.192186 0.082454 0.012719 0.015620
0 0.161091 0.102902 0.011016 0.044855
0 0.419094 0.050112 0.014462 0.014101
0 0.444941 0.015620 0.014462 0.019578
