0 0.072704 0.689451 0.104592 0.170571
0 0.061224 0.574870 0.105442 0.121094
0 0.057821 0.646484 0.095218 0.110677
0 0.177721 0.610026 0.079912 0.141927
0 0.282718 0.501102 0.082481 0.117188
0 0.181248 0.490214 0.079082 0.100260
0 0.169048 0.412760 0.057821 0.078125
0 0.282111 0.421224 0.059524 0.071615
0 0.417092 0.157422 0.045068 0.066406
0 0.447704 0.295571 0.016565 0.062500
0 0.190711 0.108594 0.029762 0.052081
0 0.421895 0.250651 0.022959 0.066406
0 0.419201 0.198568 0.011461 0.042969
0 0.450255 0.152995 0.029762 0.051185
0 0.477041 0.174479 0.012111 0.041667
0 0.491071 0.067708 0.024660 0.026042
0 0.506178 0.027995 0.026161 0.029948
0 0.527211 0.014121 0.028912 0.011250
2 0.466412 0.091750 0.019558 0.044271
0 0.428146 0.100911 0.041667 0.042969
0 0.189456 0.197266 0.044218 0.048177
2 0.571001 0.066406 0.014456 0.019062
2 0.584609 0.061802 0.009154 0.011250
0 0.012718 0.548177 0.075680 0.104167
0 0.676871 0.019714 0.022109 0.019511
0 0.611651 0.116621 0.071509 0.047491
0 0.629115 0.262511 0.065478 0.058047
0 0.627161 0.214169 0.056001 0.046174
0 0.627591 0.211720 0.055140 0.052770
0 0.627161 0.158971 0.011878 0.051451
0 0.558216 0.048151 0.024985 0.010141
0 0.521141 0.075198 0.011785 0.029024
0 0.515405 0.058707 0.018954 0.027704
0 0.169124 0.162269 0.011016 0.055409
0 0.145862 0.188654 0.027570 0.055409
0 0.192186 0.082454 0.012719 0.015620
0 0.161091 0.102902 0.011016 0.044855
0 0.419094 0.050112 0.014462 0.014101
0 0.444941 0.015620 0.014462 0.019578
