0 0.073554 0.689453 0.104592 0.170573
0 0.061224 0.574870 0.105442 0.121094
0 0.057823 0.647786 0.095238 0.110677
0 0.177721 0.611328 0.079932 0.141927
0 0.282738 0.500000 0.082483 0.117188
0 0.181548 0.490234 0.079082 0.100260
0 0.367347 0.412760 0.057823 0.078125
0 0.280612 0.423828 0.059524 0.071615
0 0.416241 0.357422 0.045068 0.066406
0 0.449405 0.296875 0.038265 0.065104
0 0.387330 0.313802 0.029762 0.052083
0 0.423044 0.251953 0.022959 0.066406
0 0.439201 0.198568 0.031463 0.042969
0 0.450255 0.151693 0.029762 0.053385
0 0.477041 0.179688 0.032313 0.041667
0 0.490221 0.070312 0.024660 0.026042
0 0.503827 0.029297 0.026361 0.029948
0 0.527211 0.013021 0.028912 0.031250
2 0.468112 0.095052 0.019558 0.044271
0 0.430697 0.096354 0.039966 0.041667
0 0.394558 0.190755 0.044218 0.048177
2 0.571854 0.065755 0.014456 0.040365
2 0.583759 0.063802 0.009354 0.031250
0 0.031037 0.546875 0.075680 0.104167
0 0.674320 0.042318 0.022109 0.019531
0 0.611653 0.316623 0.071509 0.047493
0 0.629315 0.262533 0.065478 0.058047
0 0.627161 0.234169 0.056001 0.046174
0 0.627591 0.213720 0.055140 0.052770
0 0.627161 0.158971 0.031878 0.051451
0 0.558236 0.048153 0.024985 0.030343
0 0.523343 0.075198 0.013785 0.029024
0 0.535405 0.058707 0.018954 0.027704
0 0.369124 0.162269 0.031016 0.055409
0 0.345862 0.188654 0.027570 0.055409
0 0.392386 0.082454 0.032739 0.035620
0 0.363093 0.102902 0.031016 0.044855
0 0.419094 0.050132 0.034462 0.034301
0 0.444941 0.035620 0.034462 0.039578
