0 0.072704 0.689451 0.109694 0.178185
0 0.062075 0.576172 0.105442 0.121094
0 0.057821 0.646484 0.095218 0.110677
0 0.177721 0.611128 0.079912 0.141927
0 0.279117 0.501102 0.082481 0.117188
0 0.169641 0.494141 0.079082 0.100260
0 0.165646 0.415165 0.057821 0.078125
0 0.268707 0.429016 0.059524 0.071615
0 0.417942 0.156120 0.045068 0.066406
0 0.446854 0.100781 0.018265 0.065104
0 0.177976 0.125521 0.029762 0.052081
0 0.422194 0.251255 0.022959 0.066406
0 0.440051 0.198568 0.011461 0.042969
0 0.450255 0.152995 0.029762 0.051185
0 0.474490 0.194010 0.012111 0.041667
0 0.490221 0.074219 0.024660 0.026042
0 0.501401 0.011250 0.027211 0.011250
0 0.526161 0.011021 0.028912 0.011250
2 0.467262 0.095701 0.021259 0.048177
0 0.440051 0.078776 0.041667 0.042969
0 0.406461 0.165165 0.045918 0.049479
2 0.575680 0.061198 0.011605 0.016458
2 0.584609 0.062500 0.009154 0.011250
0 0.011888 0.545571 0.075680 0.104167
0 0.666241 0.041620 0.021259 0.019511
0 0.611651 0.116621 0.071509 0.047491
0 0.629115 0.262511 0.065478 0.058047
0 0.627161 0.214169 0.056001 0.046174
0 0.627591 0.211720 0.055140 0.052770
0 0.627161 0.158971 0.011878 0.051451
0 0.558216 0.048151 0.024985 0.010141
0 0.521141 0.075198 0.011785 0.029024
0 0.515405 0.058707 0.018954 0.027704
0 0.169124 0.162269 0.011016 0.055409
0 0.145862 0.188654 0.027570 0.055409
0 0.192186 0.082454 0.012719 0.015620
0 0.161091 0.102902 0.011016 0.044855
0 0.419094 0.050112 0.014462 0.014101
0 0.444941 0.015620 0.014462 0.019578
