0 0.071854 0.690755 0.109694 0.178385
0 0.062075 0.574870 0.105442 0.121094
0 0.057823 0.646484 0.095238 0.110677
0 0.176871 0.611328 0.079932 0.141927
0 0.278486 0.500000 0.082483 0.117188
0 0.169643 0.495443 0.079082 0.100260
0 0.364796 0.416667 0.057823 0.078125
0 0.268707 0.429036 0.059524 0.071615
0 0.417942 0.357422 0.045068 0.066406
0 0.446003 0.300781 0.038265 0.065104
0 0.378827 0.326823 0.029762 0.052083
0 0.422194 0.253255 0.022959 0.066406
0 0.440901 0.198568 0.031463 0.042969
0 0.450255 0.151693 0.029762 0.053385
0 0.474490 0.194010 0.032313 0.041667
0 0.491071 0.074219 0.024660 0.026042
0 0.503401 0.031250 0.027211 0.031250
0 0.526361 0.013021 0.028912 0.031250
2 0.467262 0.097005 0.021259 0.048177
0 0.439201 0.080078 0.041667 0.042969
0 0.406463 0.164062 0.045918 0.049479
2 0.573980 0.063802 0.013605 0.036458
2 0.585459 0.061198 0.009354 0.031250
0 0.031888 0.545573 0.075680 0.104167
0 0.666241 0.044922 0.021259 0.019531
0 0.611653 0.316623 0.071509 0.047493
0 0.629315 0.262533 0.065478 0.058047
0 0.627161 0.234169 0.056001 0.046174
0 0.627591 0.213720 0.055140 0.052770
0 0.627161 0.158971 0.031878 0.051451
0 0.558236 0.048153 0.024985 0.030343
0 0.523343 0.075198 0.013785 0.029024
0 0.535405 0.058707 0.018954 0.027704
0 0.369124 0.162269 0.031016 0.055409
0 0.345862 0.188654 0.027570 0.055409
0 0.392386 0.082454 0.032739 0.035620
0 0.363093 0.102902 0.031016 0.044855
0 0.419094 0.050132 0.034462 0.034301
0 0.444941 0.035620 0.034462 0.039578
