0 0.072704 0.690755 0.109694 0.178385
0 0.061224 0.574870 0.105442 0.121094
0 0.057823 0.647786 0.095238 0.110677
0 0.176871 0.612630 0.079932 0.141927
0 0.277636 0.502604 0.082483 0.117188
0 0.161139 0.497396 0.082483 0.104167
0 0.362245 0.417969 0.057823 0.078125
0 0.262755 0.432943 0.059524 0.071615
0 0.417092 0.357422 0.045068 0.066406
0 0.445153 0.302083 0.039966 0.067708
0 0.372874 0.333333 0.029762 0.052083
0 0.421344 0.255859 0.022959 0.066406
0 0.439201 0.199870 0.031463 0.042969
0 0.451105 0.151693 0.029762 0.053385
0 0.473639 0.201823 0.032313 0.041667
0 0.488946 0.080078 0.025510 0.027344
0 0.501701 0.032552 0.027211 0.031250
0 0.525510 0.014323 0.028912 0.031250
2 0.468537 0.097005 0.022109 0.050781
0 0.444728 0.071615 0.037415 0.039062
0 0.414966 0.148438 0.045918 0.049479
2 0.576105 0.063151 0.014456 0.040365
2 0.587160 0.061198 0.009354 0.031250
0 0.031037 0.545573 0.075680 0.104167
0 0.660714 0.046875 0.022109 0.020833
0 0.611653 0.316623 0.071509 0.047493
0 0.629315 0.262533 0.065478 0.058047
0 0.627161 0.234169 0.056001 0.046174
0 0.627591 0.213720 0.055140 0.052770
0 0.627161 0.158971 0.031878 0.051451
0 0.558236 0.048153 0.024985 0.030343
0 0.523343 0.075198 0.013785 0.029024
0 0.535405 0.058707 0.018954 0.027704
0 0.369124 0.162269 0.031016 0.055409
0 0.345862 0.188654 0.027570 0.055409
0 0.392386 0.082454 0.032739 0.035620
0 0.363093 0.102902 0.031016 0.044855
0 0.419094 0.050132 0.034462 0.034301
0 0.444941 0.035620 0.034462 0.039578
