0 0.071854 0.690755 0.109694 0.178185
0 0.062075 0.574870 0.105442 0.121094
0 0.056971 0.647786 0.095218 0.110677
0 0.176871 0.611128 0.079912 0.141927
0 0.276786 0.501906 0.082481 0.117188
0 0.160289 0.496094 0.082481 0.104167
0 0.162670 0.418620 0.060174 0.082011
0 0.261905 0.414245 0.059524 0.071615
0 0.417092 0.157422 0.045068 0.066406
0 0.446001 0.100781 0.019966 0.067708
0 0.168622 0.117240 0.029762 0.052081
0 0.420918 0.254557 0.021810 0.069010
0 0.440051 0.198568 0.011461 0.042969
0 0.450255 0.151691 0.029762 0.051185
0 0.471514 0.206180 0.011161 0.042969
0 0.488946 0.081180 0.025510 0.027144
0 0.500850 0.016458 0.027211 0.011250
0 0.526161 0.011021 0.027211 0.028646
2 0.467262 0.095701 0.021259 0.048177
0 0.446429 0.070112 0.017415 0.019062
0 0.417517 0.141229 0.045918 0.049479
2 0.578656 0.062500 0.014456 0.019062
2 0.589711 0.061198 0.009154 0.011250
0 0.011017 0.548177 0.075680 0.104167
0 0.611651 0.116621 0.071509 0.047491
0 0.629115 0.262511 0.065478 0.058047
0 0.627161 0.214169 0.056001 0.046174
0 0.627591 0.211720 0.055140 0.052770
0 0.627161 0.158971 0.011878 0.051451
0 0.558216 0.048151 0.024985 0.010141
0 0.521141 0.075198 0.011785 0.029024
0 0.515405 0.058707 0.018954 0.027704
0 0.169124 0.162269 0.011016 0.055409
0 0.145862 0.188654 0.027570 0.055409
0 0.192186 0.082454 0.012719 0.015620
0 0.161091 0.102902 0.011016 0.044855
0 0.419094 0.050112 0.014462 0.014101
0 0.444941 0.015620 0.014462 0.019578
