0 0.070151 0.692057 0.109694 0.178185
0 0.062075 0.574870 0.105442 0.121094
0 0.056971 0.649089 0.095218 0.110677
0 0.177721 0.612610 0.079912 0.141927
0 0.278486 0.501906 0.082481 0.117188
0 0.157718 0.498698 0.082481 0.104167
0 0.162670 0.419922 0.060174 0.082011
0 0.257228 0.415547 0.062075 0.074219
0 0.416241 0.157422 0.045068 0.066406
0 0.446001 0.102081 0.018265 0.065104
0 0.166071 0.119844 0.029762 0.052081
0 0.419641 0.258464 0.022959 0.066406
0 0.440901 0.198568 0.011461 0.042969
0 0.450255 0.152995 0.029762 0.051185
0 0.470661 0.211589 0.011161 0.042969
0 0.488520 0.085918 0.026161 0.028646
0 0.500850 0.016458 0.027211 0.011250
0 0.524660 0.014121 0.028912 0.011250
2 0.468112 0.095701 0.021259 0.048177
0 0.452181 0.059896 0.019116 0.041667
0 0.419218 0.117170 0.044218 0.048177
2 0.580157 0.061198 0.014456 0.019062
2 0.591412 0.059896 0.009154 0.011250
0 0.011888 0.545571 0.075680 0.104167
0 0.611651 0.116621 0.071509 0.047491
0 0.629115 0.262511 0.065478 0.058047
0 0.627161 0.214169 0.056001 0.046174
0 0.627591 0.211720 0.055140 0.052770
0 0.627161 0.158971 0.011878 0.051451
0 0.558216 0.048151 0.024985 0.010141
0 0.521141 0.075198 0.011785 0.029024
0 0.515405 0.058707 0.018954 0.027704
0 0.169124 0.162269 0.011016 0.055409
0 0.145862 0.188654 0.027570 0.055409
0 0.192186 0.082454 0.012719 0.015620
0 0.161091 0.102902 0.011016 0.044855
0 0.419094 0.050112 0.014462 0.014101
0 0.444941 0.015620 0.014462 0.019578
