0 0.068452 0.692057 0.109694 0.178185
0 0.061224 0.574870 0.105442 0.121094
0 0.055272 0.649089 0.095218 0.110677
0 0.177721 0.611128 0.079912 0.141927
0 0.278486 0.501906 0.082481 0.117188
0 0.155187 0.501102 0.082481 0.104167
0 0.161820 0.422526 0.060174 0.082011
0 0.250425 0.419451 0.062075 0.074219
0 0.417092 0.156120 0.045068 0.066406
0 0.445151 0.100781 0.018265 0.065104
0 0.159269 0.147656 0.029762 0.052081
0 0.419218 0.262170 0.021810 0.069010
0 0.440901 0.198568 0.011461 0.042969
0 0.450255 0.154297 0.029762 0.051185
0 0.468961 0.220701 0.011161 0.042969
0 0.486820 0.092448 0.026161 0.028646
0 0.498299 0.019714 0.028912 0.012552
0 0.524215 0.016276 0.029762 0.012552
2 0.467687 0.095701 0.022109 0.050781
0 0.458111 0.052081 0.017415 0.019062
0 0.426020 0.125651 0.044218 0.048177
2 0.582058 0.060547 0.012755 0.015156
2 0.592262 0.057941 0.009154 0.012552
0 0.011017 0.548177 0.075680 0.104167
0 0.611651 0.116621 0.071509 0.047491
0 0.629115 0.262511 0.065478 0.058047
0 0.627161 0.214169 0.056001 0.046174
0 0.627591 0.211720 0.055140 0.052770
0 0.627161 0.158971 0.011878 0.051451
0 0.558216 0.048151 0.024985 0.010141
0 0.521141 0.075198 0.011785 0.029024
0 0.515405 0.058707 0.018954 0.027704
0 0.169124 0.162269 0.011016 0.055409
0 0.145862 0.188654 0.027570 0.055409
0 0.192186 0.082454 0.012719 0.015620
0 0.161091 0.102902 0.011016 0.044855
0 0.419094 0.050112 0.014462 0.014101
0 0.444941 0.015620 0.014462 0.019578
