0 0.062500 0.692057 0.109694 0.178185
0 0.062075 0.577474 0.105442 0.121094
0 0.051871 0.650191 0.095218 0.110677
0 0.177721 0.610026 0.079912 0.141927
0 0.277616 0.501906 0.082481 0.117188
0 0.156888 0.501102 0.082481 0.104167
0 0.160119 0.421224 0.060174 0.082011
0 0.248724 0.442057 0.062075 0.074219
0 0.415191 0.161128 0.045068 0.066406
0 0.441452 0.101185 0.018265 0.065104
0 0.144811 0.161281 0.029762 0.052081
0 0.414116 0.272786 0.021810 0.069010
0 0.419201 0.201172 0.011461 0.042969
0 0.450255 0.152995 0.029762 0.051185
0 0.467687 0.219581 0.019116 0.049479
0 0.484269 0.110677 0.026161 0.028646
0 0.495748 0.044922 0.028912 0.012552
0 0.520811 0.017578 0.029762 0.012552
2 0.466412 0.095701 0.021259 0.048177
0 0.471919 0.011901 0.015714 0.017760
0 0.411671 0.107422 0.017415 0.040165
2 0.587585 0.061198 0.011605 0.016458
2 0.596088 0.057941 0.010204 0.015156
0 0.011017 0.546875 0.075680 0.104167
0 0.612651 0.051185 0.022109 0.020811
0 0.611651 0.116621 0.071509 0.047491
0 0.629115 0.262511 0.065478 0.058047
0 0.627161 0.214169 0.056001 0.046174
0 0.627591 0.211720 0.055140 0.052770
0 0.627161 0.158971 0.011878 0.051451
0 0.558216 0.048151 0.024985 0.010141
0 0.521141 0.075198 0.011785 0.029024
0 0.515405 0.058707 0.018954 0.027704
0 0.169124 0.162269 0.011016 0.055409
0 0.145862 0.188654 0.027570 0.055409
0 0.192186 0.082454 0.012719 0.015620
0 0.161091 0.102902 0.011016 0.044855
0 0.419094 0.050112 0.014462 0.014101
0 0.444941 0.015620 0.014462 0.019578
