0 0.061150 0.691159 0.109694 0.178185
0 0.061224 0.576172 0.105442 0.121094
0 0.052721 0.650191 0.095218 0.110677
0 0.178571 0.610026 0.079912 0.141927
0 0.277616 0.501906 0.082481 0.117188
0 0.155187 0.501102 0.082481 0.104167
0 0.160119 0.422526 0.060174 0.082011
0 0.248724 0.440755 0.062075 0.074219
0 0.416241 0.158724 0.045068 0.066406
0 0.445151 0.102081 0.018265 0.065104
0 0.144811 0.164581 0.029762 0.052081
0 0.414116 0.272786 0.021810 0.069010
0 0.418150 0.199870 0.011461 0.042969
0 0.451105 0.152995 0.029762 0.051185
0 0.467687 0.219581 0.019116 0.049479
0 0.485119 0.110677 0.026161 0.028646
0 0.495121 0.045571 0.029762 0.011854
0 0.519981 0.018880 0.029762 0.012552
2 0.465986 0.095701 0.022109 0.050781
0 0.472789 0.011201 0.014014 0.015156
0 0.411671 0.107422 0.017415 0.040165
2 0.587585 0.061198 0.011605 0.016458
2 0.596088 0.056641 0.010204 0.015156
0 0.011017 0.545571 0.075680 0.104167
0 0.612228 0.052081 0.022959 0.020811
0 0.611651 0.116621 0.071509 0.047491
0 0.629115 0.262511 0.065478 0.058047
0 0.627161 0.214169 0.056001 0.046174
0 0.627591 0.211720 0.055140 0.052770
0 0.627161 0.158971 0.011878 0.051451
0 0.558216 0.048151 0.024985 0.010141
0 0.521141 0.075198 0.011785 0.029024
0 0.515405 0.058707 0.018954 0.027704
0 0.169124 0.162269 0.011016 0.055409
0 0.145862 0.188654 0.027570 0.055409
0 0.192186 0.082454 0.012719 0.015620
0 0.161091 0.102902 0.011016 0.044855
0 0.419094 0.050112 0.014462 0.014101
0 0.444941 0.015620 0.014462 0.019578
