0 0.063350 0.694661 0.109694 0.178385
0 0.062075 0.576172 0.105442 0.121094
0 0.051020 0.650391 0.095238 0.110677
0 0.177721 0.611328 0.079932 0.141927
0 0.277636 0.503906 0.082483 0.117188
0 0.154337 0.501302 0.082483 0.104167
0 0.358844 0.421875 0.062925 0.085938
0 0.248724 0.442057 0.062075 0.074219
0 0.415391 0.361328 0.046769 0.069010
0 0.444303 0.302083 0.038265 0.065104
0 0.337160 0.372396 0.029762 0.052083
0 0.411990 0.279948 0.024660 0.072917
0 0.438350 0.202474 0.031463 0.042969
0 0.451105 0.152995 0.029762 0.053385
0 0.463435 0.246094 0.039116 0.049479
0 0.483418 0.119792 0.026361 0.028646
0 0.493622 0.046875 0.029762 0.033854
0 0.518282 0.022786 0.029762 0.032552
2 0.466837 0.095703 0.022109 0.050781
0 0.478741 0.026693 0.034014 0.035156
0 0.436224 0.102214 0.037415 0.040365
2 0.590561 0.059896 0.014456 0.039062
2 0.598214 0.055339 0.011054 0.037760
0 0.031037 0.546875 0.075680 0.104167
0 0.624575 0.053385 0.022959 0.020833
0 0.611653 0.316623 0.071509 0.047493
0 0.629315 0.262533 0.065478 0.058047
0 0.627161 0.234169 0.056001 0.046174
0 0.627591 0.213720 0.055140 0.052770
0 0.627161 0.158971 0.031878 0.051451
0 0.558236 0.048153 0.024985 0.030343
0 0.523343 0.075198 0.013785 0.029024
0 0.535405 0.058707 0.018954 0.027704
0 0.369124 0.162269 0.031016 0.055409
0 0.345862 0.188654 0.027570 0.055409
0 0.392386 0.082454 0.032739 0.035620
0 0.363093 0.102902 0.031016 0.044855
0 0.419094 0.050132 0.034462 0.034301
0 0.444941 0.035620 0.034462 0.039578
