0 0.062500 0.691159 0.109694 0.178185
0 0.061224 0.576172 0.105442 0.121094
0 0.051871 0.651691 0.095218 0.110677
0 0.177296 0.611128 0.075680 0.114115
0 0.278486 0.501906 0.082481 0.117188
0 0.155187 0.500000 0.082481 0.104167
0 0.157991 0.420571 0.062925 0.085918
0 0.248724 0.442057 0.062075 0.074219
0 0.415191 0.162610 0.046769 0.069010
0 0.444101 0.102081 0.018265 0.065104
0 0.115014 0.175000 0.010612 0.054688
0 0.410289 0.285156 0.024660 0.072917
0 0.419201 0.201776 0.011461 0.042969
0 0.450255 0.152995 0.029762 0.051185
0 0.461415 0.250000 0.019116 0.049479
0 0.482991 0.121047 0.025510 0.027144
0 0.491197 0.048828 0.028912 0.012552
0 0.515711 0.021484 0.029762 0.012552
2 0.466817 0.095701 0.022109 0.050781
0 0.481291 0.022786 0.015714 0.017760
0 0.416224 0.100911 0.017415 0.040165
2 0.590116 0.058594 0.011605 0.016458
2 0.599065 0.056641 0.011054 0.017760
0 0.011017 0.545571 0.075680 0.104167
0 0.621171 0.051185 0.022959 0.020811
0 0.611651 0.116621 0.071509 0.047491
0 0.629115 0.262511 0.065478 0.058047
0 0.627161 0.214169 0.056001 0.046174
0 0.627591 0.211720 0.055140 0.052770
0 0.627161 0.158971 0.011878 0.051451
0 0.558216 0.048151 0.024985 0.010141
0 0.521141 0.075198 0.011785 0.029024
0 0.515405 0.058707 0.018954 0.027704
0 0.169124 0.162269 0.011016 0.055409
0 0.145862 0.188654 0.027570 0.055409
0 0.192186 0.082454 0.012719 0.015620
0 0.161091 0.102902 0.011016 0.044855
0 0.419094 0.050112 0.014462 0.014101
0 0.444941 0.015620 0.014462 0.019578
