0 0.061150 0.692057 0.109694 0.178185
0 0.060174 0.576172 0.105442 0.121094
0 0.051020 0.650191 0.095218 0.110677
0 0.177296 0.611128 0.075680 0.114115
0 0.277616 0.501906 0.082481 0.117188
0 0.154117 0.501102 0.082481 0.104167
0 0.158844 0.421177 0.062925 0.085918
0 0.248724 0.440755 0.062075 0.074219
0 0.411690 0.162610 0.046769 0.069010
0 0.445151 0.101185 0.018265 0.065104
0 0.115014 0.171698 0.012111 0.057292
0 0.409419 0.285156 0.024660 0.072917
0 0.418150 0.202474 0.011461 0.042969
0 0.449405 0.150191 0.029762 0.051185
0 0.462585 0.250000 0.019116 0.049479
0 0.482568 0.125000 0.026161 0.028646
0 0.492772 0.049479 0.029762 0.011854
0 0.515711 0.021484 0.029762 0.012552
2 0.465986 0.095701 0.022109 0.050781
0 0.481291 0.021484 0.014014 0.015156
0 0.416224 0.100911 0.017415 0.040165
2 0.590116 0.058594 0.011605 0.016458
2 0.599065 0.056641 0.011054 0.017760
0 0.011017 0.548177 0.075680 0.104167
0 0.621599 0.054016 0.021810 0.022115
0 0.611651 0.116621 0.071509 0.047491
0 0.629115 0.262511 0.065478 0.058047
0 0.627161 0.214169 0.056001 0.046174
0 0.627591 0.211720 0.055140 0.052770
0 0.627161 0.158971 0.011878 0.051451
0 0.558216 0.048151 0.024985 0.010141
0 0.521141 0.075198 0.011785 0.029024
0 0.515405 0.058707 0.018954 0.027704
0 0.169124 0.162269 0.011016 0.055409
0 0.145862 0.188654 0.027570 0.055409
0 0.192186 0.082454 0.012719 0.015620
0 0.161091 0.102902 0.011016 0.044855
0 0.419094 0.050112 0.014462 0.014101
0 0.444941 0.015620 0.014462 0.019578
