0 0.061150 0.694661 0.109694 0.178185
0 0.060174 0.576172 0.105442 0.121094
0 0.051871 0.651691 0.095218 0.110677
0 0.171895 0.611912 0.079082 0.141927
0 0.277616 0.501906 0.082481 0.117188
0 0.154117 0.500000 0.082481 0.104167
0 0.157991 0.421177 0.062925 0.085918
0 0.248724 0.442057 0.062075 0.074219
0 0.411690 0.162610 0.045068 0.066406
0 0.445151 0.104688 0.018265 0.065104
0 0.111611 0.177604 0.012111 0.057292
0 0.408588 0.286458 0.024660 0.072917
0 0.419201 0.205078 0.011461 0.042969
0 0.450255 0.154297 0.029762 0.051185
0 0.462585 0.251906 0.019116 0.049479
0 0.481291 0.110859 0.025510 0.027144
0 0.491197 0.050110 0.028912 0.012552
0 0.514881 0.024089 0.029762 0.012552
2 0.466817 0.094401 0.022109 0.050781
0 0.485544 0.018880 0.015714 0.017760
0 0.417075 0.100260 0.015714 0.019062
2 0.591112 0.057941 0.012755 0.015156
2 0.601190 0.055990 0.011905 0.019062
0 0.011017 0.546875 0.075680 0.104167
0 0.616497 0.054016 0.021810 0.022115
0 0.611651 0.116621 0.071509 0.047491
0 0.629115 0.262511 0.065478 0.058047
0 0.627161 0.214169 0.056001 0.046174
0 0.627591 0.211720 0.055140 0.052770
0 0.627161 0.158971 0.011878 0.051451
0 0.558216 0.048151 0.024985 0.010141
0 0.521141 0.075198 0.011785 0.029024
0 0.515405 0.058707 0.018954 0.027704
0 0.169124 0.162269 0.011016 0.055409
0 0.145862 0.188654 0.027570 0.055409
0 0.192186 0.082454 0.012719 0.015620
0 0.161091 0.102902 0.011016 0.044855
0 0.419094 0.050112 0.014462 0.014101
0 0.444941 0.015620 0.014462 0.019578
