0 0.062500 0.694661 0.109694 0.178185
0 0.061224 0.576172 0.105442 0.121094
0 0.052721 0.652995 0.095218 0.110677
0 0.164859 0.627125 0.095451 0.168112
0 0.275915 0.506510 0.082481 0.117188
0 0.150915 0.502604 0.082481 0.104167
0 0.157991 0.421875 0.062925 0.085918
0 0.248724 0.442057 0.062075 0.074219
0 0.411690 0.161912 0.045068 0.066406
0 0.445151 0.105990 0.018265 0.065104
0 0.126511 0.181510 0.012111 0.057292
0 0.405612 0.294922 0.021810 0.069010
0 0.417500 0.207682 0.011461 0.042969
0 0.449810 0.152995 0.010612 0.055990
0 0.459184 0.259115 0.019116 0.049479
0 0.478741 0.141276 0.025510 0.027144
0 0.491071 0.054688 0.029762 0.011854
0 0.512110 0.024740 0.011461 0.011854
2 0.466817 0.091099 0.022109 0.050781
0 0.492147 0.011672 0.015714 0.017760
0 0.417075 0.097005 0.017415 0.040165
2 0.590986 0.058594 0.011605 0.016458
0 0.010187 0.546875 0.075680 0.104167
0 0.610119 0.055119 0.026161 0.024740
0 0.611651 0.116621 0.071509 0.047491
0 0.629115 0.262511 0.065478 0.058047
0 0.627161 0.214169 0.056001 0.046174
0 0.627591 0.211720 0.055140 0.052770
0 0.627161 0.158971 0.011878 0.051451
0 0.558216 0.048151 0.024985 0.010141
0 0.521141 0.075198 0.011785 0.029024
0 0.515405 0.058707 0.018954 0.027704
0 0.169124 0.162269 0.011016 0.055409
0 0.145862 0.188654 0.027570 0.055409
0 0.192186 0.082454 0.012719 0.015620
0 0.161091 0.102902 0.011016 0.044855
0 0.419094 0.050112 0.014462 0.014101
0 0.444941 0.015620 0.014462 0.019578
