0 0.062500 0.694661 0.109694 0.178185
0 0.060174 0.576172 0.105442 0.121094
0 0.051020 0.650191 0.095218 0.110677
0 0.164116 0.625651 0.095218 0.167969
0 0.275915 0.507812 0.082481 0.117188
0 0.150085 0.501906 0.082481 0.104167
0 0.157991 0.421177 0.062925 0.085918
0 0.249150 0.442057 0.059524 0.071615
0 0.411690 0.161912 0.045068 0.066406
0 0.445151 0.105990 0.018265 0.065104
0 0.126511 0.181510 0.012111 0.057292
0 0.404762 0.294922 0.021810 0.069010
0 0.417500 0.208984 0.011461 0.042969
0 0.449810 0.152995 0.010612 0.055990
0 0.459184 0.259115 0.019116 0.049479
0 0.478741 0.141880 0.025510 0.027144
0 0.491922 0.054688 0.029762 0.011854
0 0.511480 0.026042 0.011461 0.011854
2 0.467687 0.095701 0.022109 0.050781
0 0.492147 0.012170 0.015714 0.017760
0 0.417075 0.098107 0.017415 0.040165
2 0.590986 0.057292 0.011605 0.016458
0 0.011017 0.546875 0.075680 0.104167
0 0.610119 0.056641 0.026161 0.024740
0 0.611651 0.116621 0.071509 0.047491
0 0.629115 0.262511 0.065478 0.058047
0 0.627161 0.214169 0.056001 0.046174
0 0.627591 0.211720 0.055140 0.052770
0 0.627161 0.158971 0.011878 0.051451
0 0.558216 0.048151 0.024985 0.010141
0 0.521141 0.075198 0.011785 0.029024
0 0.515405 0.058707 0.018954 0.027704
0 0.169124 0.162269 0.011016 0.055409
0 0.145862 0.188654 0.027570 0.055409
0 0.192186 0.082454 0.012719 0.015620
0 0.161091 0.102902 0.011016 0.044855
0 0.419094 0.050112 0.014462 0.014101
0 0.444941 0.015620 0.014462 0.019578
