0 0.061150 0.691159 0.109694 0.178185
0 0.060174 0.576172 0.105442 0.121094
0 0.050595 0.651691 0.099490 0.115885
0 0.164966 0.624149 0.095218 0.167969
0 0.272514 0.517578 0.084184 0.114115
0 0.147514 0.505208 0.082481 0.104167
0 0.157991 0.421875 0.062925 0.085918
0 0.247874 0.440755 0.062075 0.074219
0 0.411690 0.161912 0.045068 0.066406
0 0.445151 0.105990 0.018265 0.065104
0 0.116752 0.190625 0.041167 0.067708
0 0.401161 0.106641 0.017415 0.058594
0 0.415799 0.215495 0.011461 0.042969
0 0.448980 0.156901 0.010612 0.055990
0 0.458111 0.261021 0.019116 0.049479
0 0.477466 0.171875 0.011461 0.049479
0 0.489171 0.061802 0.029762 0.011854
0 0.507228 0.011250 0.011461 0.011854
2 0.467687 0.095701 0.022109 0.050781
0 0.500000 0.005859 0.014014 0.015156
0 0.418776 0.096154 0.015714 0.019062
0 0.010187 0.545571 0.075680 0.104167
0 0.600765 0.056641 0.011161 0.024740
0 0.611651 0.116621 0.071509 0.047491
0 0.629115 0.262511 0.065478 0.058047
0 0.627161 0.214169 0.056001 0.046174
0 0.627591 0.211720 0.055140 0.052770
0 0.627161 0.158971 0.011878 0.051451
0 0.558216 0.048151 0.024985 0.010141
0 0.521141 0.075198 0.011785 0.029024
0 0.515405 0.058707 0.018954 0.027704
0 0.169124 0.162269 0.011016 0.055409
0 0.145862 0.188654 0.027570 0.055409
0 0.192186 0.082454 0.012719 0.015620
0 0.161091 0.102902 0.011016 0.044855
0 0.419094 0.050112 0.014462 0.014101
0 0.444941 0.015620 0.014462 0.019578
