0 0.061650 0.695964 0.109694 0.178385
0 0.061224 0.576172 0.105442 0.121094
0 0.051446 0.651693 0.099490 0.115885
0 0.164116 0.624349 0.095238 0.167969
0 0.273384 0.517578 0.084184 0.134115
0 0.147534 0.502604 0.082483 0.104167
0 0.357143 0.421875 0.062925 0.085938
0 0.248724 0.442057 0.062075 0.074219
0 0.414541 0.361328 0.046769 0.069010
0 0.444303 0.308594 0.038265 0.065104
0 0.321854 0.386719 0.058673 0.078125
0 0.392857 0.317057 0.037415 0.058594
0 0.434099 0.222005 0.031463 0.042969
0 0.446429 0.166016 0.030612 0.055990
0 0.457483 0.268229 0.039116 0.049479
0 0.475340 0.189453 0.035714 0.066406
0 0.488520 0.076823 0.029762 0.033854
0 0.502976 0.037109 0.034864 0.037760
2 0.466412 0.094401 0.021259 0.048177
0 0.440476 0.095052 0.035714 0.039062
0 0.031037 0.545573 0.075680 0.104167
0 0.587160 0.058594 0.034864 0.026042
0 0.611653 0.316623 0.071509 0.047493
0 0.629315 0.262533 0.065478 0.058047
0 0.627161 0.234169 0.056001 0.046174
0 0.627591 0.213720 0.055140 0.052770
0 0.627161 0.158971 0.031878 0.051451
0 0.558236 0.048153 0.024985 0.030343
0 0.523343 0.075198 0.013785 0.029024
0 0.535405 0.058707 0.018954 0.027704
0 0.369124 0.162269 0.031016 0.055409
0 0.345862 0.188654 0.027570 0.055409
0 0.392386 0.082454 0.032739 0.035620
0 0.363093 0.102902 0.031016 0.044855
0 0.419094 0.050132 0.034462 0.034301
0 0.444941 0.035620 0.034462 0.039578
