0 0.062500 0.691159 0.109694 0.178185
0 0.060174 0.576172 0.105442 0.121094
0 0.050595 0.650191 0.099490 0.115885
0 0.164116 0.625651 0.095218 0.167969
0 0.271184 0.517578 0.084184 0.114115
0 0.146684 0.501906 0.082481 0.104167
0 0.157141 0.420571 0.062925 0.085918
0 0.249575 0.440755 0.062075 0.074219
0 0.414541 0.161128 0.046769 0.069010
0 0.445151 0.108594 0.018265 0.065104
0 0.121854 0.186719 0.058671 0.078125
0 0.194558 0.118159 0.017415 0.058594
0 0.414099 0.221107 0.011461 0.042969
0 0.446429 0.164714 0.010612 0.055990
0 0.457481 0.268229 0.019116 0.049479
0 0.474490 0.190755 0.015714 0.066406
0 0.486820 0.076821 0.029762 0.011854
0 0.501827 0.017109 0.011161 0.015156
2 0.467262 0.094401 0.021259 0.048177
0 0.419626 0.091750 0.015714 0.019062
0 0.011017 0.545571 0.075680 0.104167
0 0.587160 0.059245 0.011161 0.024740
0 0.611651 0.116621 0.071509 0.047491
0 0.629115 0.262511 0.065478 0.058047
0 0.627161 0.214169 0.056001 0.046174
0 0.627591 0.211720 0.055140 0.052770
0 0.627161 0.158971 0.011878 0.051451
0 0.558216 0.048151 0.024985 0.010141
0 0.521141 0.075198 0.011785 0.029024
0 0.515405 0.058707 0.018954 0.027704
0 0.169124 0.162269 0.011016 0.055409
0 0.145862 0.188654 0.027570 0.055409
0 0.192186 0.082454 0.012719 0.015620
0 0.161091 0.102902 0.011016 0.044855
0 0.419094 0.050112 0.014462 0.014101
0 0.444941 0.015620 0.014462 0.019578
