0 0.062500 0.691159 0.109694 0.178185
0 0.060174 0.574870 0.105442 0.121094
0 0.051446 0.649089 0.099490 0.115885
0 0.161265 0.625651 0.095218 0.167969
0 0.272514 0.517578 0.084184 0.114115
0 0.145811 0.502604 0.082481 0.104167
0 0.156291 0.419271 0.062925 0.085918
0 0.248724 0.440755 0.062075 0.074219
0 0.411690 0.160026 0.048469 0.071615
0 0.444101 0.108594 0.018265 0.065104
0 0.121001 0.188021 0.058671 0.078125
0 0.191156 0.118159 0.017415 0.058594
0 0.411248 0.224609 0.011461 0.042969
0 0.444728 0.167118 0.010612 0.055990
0 0.456611 0.268229 0.019116 0.049479
0 0.472789 0.194661 0.015714 0.066406
0 0.486820 0.080729 0.029762 0.011854
0 0.501401 0.017760 0.014014 0.016458
2 0.466412 0.094401 0.021259 0.048177
0 0.419626 0.091146 0.015714 0.019062
0 0.029117 0.545571 0.075680 0.104167
0 0.581759 0.057941 0.011161 0.024740
0 0.611651 0.116621 0.071509 0.047491
0 0.629115 0.262511 0.065478 0.058047
0 0.627161 0.214169 0.056001 0.046174
0 0.627591 0.211720 0.055140 0.052770
0 0.627161 0.158971 0.011878 0.051451
0 0.558216 0.048151 0.024985 0.010141
0 0.521141 0.075198 0.011785 0.029024
0 0.515405 0.058707 0.018954 0.027704
0 0.169124 0.162269 0.011016 0.055409
0 0.145862 0.188654 0.027570 0.055409
0 0.192186 0.082454 0.012719 0.015620
0 0.161091 0.102902 0.011016 0.044855
0 0.419094 0.050112 0.014462 0.014101
0 0.444941 0.015620 0.014462 0.019578
