0 0.062500 0.692057 0.109694 0.178185
0 0.060174 0.574870 0.105442 0.121094
0 0.051446 0.647786 0.099490 0.115885
0 0.162415 0.625651 0.095218 0.167969
0 0.271184 0.516276 0.084184 0.114115
0 0.146684 0.502604 0.082481 0.104167
0 0.156291 0.419271 0.062925 0.085918
0 0.248724 0.419451 0.062075 0.074219
0 0.411690 0.161128 0.046769 0.069010
0 0.441452 0.108594 0.018265 0.065104
0 0.121001 0.186719 0.058671 0.078125
0 0.186905 0.126172 0.019116 0.061198
0 0.411548 0.228516 0.011461 0.042969
0 0.441027 0.171224 0.010612 0.055990
0 0.455782 0.269511 0.019116 0.049479
0 0.468517 0.207682 0.017415 0.069010
0 0.485969 0.092448 0.029762 0.011854
0 0.500850 0.045571 0.014014 0.016458
2 0.467687 0.091750 0.022109 0.049479
0 0.440476 0.088542 0.015714 0.019062
0 0.010187 0.545571 0.075680 0.104167
0 0.576956 0.061849 0.011161 0.024740
0 0.611651 0.116621 0.071509 0.047491
0 0.629115 0.262511 0.065478 0.058047
0 0.627161 0.214169 0.056001 0.046174
0 0.627591 0.211720 0.055140 0.052770
0 0.627161 0.158971 0.011878 0.051451
0 0.558216 0.048151 0.024985 0.010141
0 0.521141 0.075198 0.011785 0.029024
0 0.515405 0.058707 0.018954 0.027704
0 0.169124 0.162269 0.011016 0.055409
0 0.145862 0.188654 0.027570 0.055409
0 0.192186 0.082454 0.012719 0.015620
0 0.161091 0.102902 0.011016 0.044855
0 0.419094 0.050112 0.014462 0.014101
0 0.444941 0.015620 0.014462 0.019578
