0 0.057198 0.692057 0.109694 0.178185
0 0.059524 0.574870 0.105442 0.121094
0 0.046144 0.650191 0.099490 0.115885
0 0.161265 0.624149 0.095218 0.167969
0 0.272514 0.516276 0.084184 0.114115
0 0.147514 0.502604 0.082481 0.104167
0 0.155442 0.421177 0.062925 0.085918
0 0.248724 0.419451 0.062075 0.074219
0 0.411690 0.160026 0.046769 0.069010
0 0.441452 0.108594 0.018265 0.065104
0 0.121854 0.186719 0.058671 0.078125
0 0.180952 0.112682 0.019116 0.061198
0 0.429847 0.217610 0.011461 0.042969
0 0.441127 0.179016 0.010612 0.055990
0 0.456611 0.269511 0.019116 0.049479
0 0.467687 0.215495 0.017415 0.069010
0 0.482991 0.110026 0.010612 0.015156
0 0.497874 0.054016 0.018265 0.040165
2 0.468517 0.091750 0.022109 0.049479
0 0.441878 0.081111 0.015714 0.019062
0 0.010187 0.545571 0.075680 0.104167
0 0.571980 0.066406 0.015714 0.026042
0 0.518282 0.025191 0.028061 0.015156
0 0.611651 0.116621 0.071509 0.047491
0 0.629115 0.262511 0.065478 0.058047
0 0.627161 0.214169 0.056001 0.046174
0 0.627591 0.211720 0.055140 0.052770
0 0.627161 0.158971 0.011878 0.051451
0 0.558216 0.048151 0.024985 0.010141
0 0.521141 0.075198 0.011785 0.029024
0 0.515405 0.058707 0.018954 0.027704
0 0.169124 0.162269 0.011016 0.055409
0 0.145862 0.188654 0.027570 0.055409
0 0.192186 0.082454 0.012719 0.015620
0 0.161091 0.102902 0.011016 0.044855
0 0.419094 0.050112 0.014462 0.014101
0 0.444941 0.015620 0.014462 0.019578
