0 0.053997 0.692057 0.109694 0.178385
0 0.060374 0.574870 0.105442 0.121094
0 0.045493 0.649089 0.099490 0.115885
0 0.163265 0.624349 0.095238 0.167969
0 0.272534 0.517578 0.084184 0.134115
0 0.146684 0.502604 0.082483 0.104167
0 0.355442 0.421875 0.062925 0.085938
0 0.249575 0.439453 0.062075 0.074219
0 0.414541 0.358724 0.048469 0.071615
0 0.443452 0.307292 0.038265 0.065104
0 0.321854 0.385417 0.058673 0.078125
0 0.380952 0.333984 0.039116 0.061198
0 0.428997 0.238932 0.031463 0.042969
0 0.440476 0.180339 0.030612 0.055990
0 0.456633 0.270833 0.039116 0.049479
0 0.467687 0.215495 0.037415 0.069010
0 0.482993 0.115234 0.030612 0.035156
0 0.497874 0.056641 0.038265 0.040365
2 0.468112 0.093750 0.022959 0.052083
0 0.445578 0.080729 0.034014 0.036458
0 0.030187 0.545573 0.075680 0.104167
0 0.573980 0.069661 0.034014 0.024740
0 0.515731 0.029297 0.028061 0.035156
0 0.611653 0.316623 0.071509 0.047493
0 0.629315 0.262533 0.065478 0.058047
0 0.627161 0.234169 0.056001 0.046174
0 0.627591 0.213720 0.055140 0.052770
0 0.627161 0.158971 0.031878 0.051451
0 0.558236 0.048153 0.024985 0.030343
0 0.523343 0.075198 0.013785 0.029024
0 0.535405 0.058707 0.018954 0.027704
0 0.369124 0.162269 0.031016 0.055409
0 0.345862 0.188654 0.027570 0.055409
0 0.392386 0.082454 0.032739 0.035620
0 0.363093 0.102902 0.031016 0.044855
0 0.419094 0.050132 0.034462 0.034301
0 0.444941 0.035620 0.034462 0.039578
