0 0.054422 0.688151 0.120748 0.196615
0 0.059524 0.571568 0.105442 0.121094
0 0.047619 0.649089 0.101741 0.121094
0 0.161265 0.625651 0.095218 0.167969
0 0.271684 0.517578 0.084184 0.114115
0 0.146684 0.501906 0.082481 0.104167
0 0.154592 0.421177 0.062925 0.085918
0 0.247874 0.419451 0.062075 0.074219
0 0.411690 0.160026 0.048469 0.071615
0 0.441452 0.108594 0.018265 0.065104
0 0.121001 0.186719 0.058671 0.078125
0 0.179252 0.115286 0.019116 0.061198
0 0.428997 0.244141 0.011461 0.042969
0 0.419626 0.184245 0.010612 0.055990
0 0.455782 0.272115 0.019116 0.049479
0 0.467687 0.215495 0.017415 0.069010
0 0.482141 0.126102 0.012111 0.016458
0 0.496599 0.061802 0.044218 0.046875
2 0.468112 0.091750 0.022959 0.052081
0 0.448980 0.071568 0.012111 0.015156
0 0.010187 0.544271 0.075680 0.104167
0 0.577806 0.074870 0.011161 0.024740
0 0.512110 0.010599 0.028061 0.015156
0 0.611651 0.116621 0.071509 0.047491
0 0.629115 0.262511 0.065478 0.058047
0 0.627161 0.214169 0.056001 0.046174
0 0.627591 0.211720 0.055140 0.052770
0 0.627161 0.158971 0.011878 0.051451
0 0.558216 0.048151 0.024985 0.010141
0 0.521141 0.075198 0.011785 0.029024
0 0.515405 0.058707 0.018954 0.027704
0 0.169124 0.162269 0.011016 0.055409
0 0.145862 0.188654 0.027570 0.055409
0 0.192186 0.082454 0.012719 0.015620
0 0.161091 0.102902 0.011016 0.044855
0 0.419094 0.050112 0.014462 0.014101
0 0.444941 0.015620 0.014462 0.019578
