0 0.055272 0.685547 0.120748 0.196615
0 0.059524 0.576172 0.105442 0.121094
0 0.048469 0.647786 0.101741 0.121094
0 0.161265 0.625651 0.095218 0.167969
0 0.270811 0.520182 0.084184 0.114115
0 0.146684 0.501906 0.082481 0.104167
0 0.155442 0.421177 0.062925 0.085918
0 0.247874 0.440755 0.062075 0.074219
0 0.414541 0.158724 0.048469 0.071615
0 0.441452 0.108594 0.018265 0.065104
0 0.121001 0.186719 0.058671 0.078125
0 0.178401 0.117891 0.019116 0.061198
0 0.428146 0.245441 0.011461 0.042969
0 0.440476 0.184245 0.010612 0.055990
0 0.455782 0.270811 0.019116 0.049479
0 0.468517 0.216797 0.017415 0.069010
0 0.480442 0.127604 0.012111 0.016458
0 0.496599 0.067708 0.044218 0.046875
2 0.468112 0.091750 0.022959 0.052081
0 0.451511 0.072266 0.012111 0.015156
0 0.011017 0.544271 0.075680 0.104167
0 0.579507 0.076172 0.011161 0.024740
0 0.510629 0.011901 0.028061 0.015156
0 0.611651 0.116621 0.071509 0.047491
0 0.629115 0.262511 0.065478 0.058047
0 0.627161 0.214169 0.056001 0.046174
0 0.627591 0.211720 0.055140 0.052770
0 0.627161 0.158971 0.011878 0.051451
0 0.558216 0.048151 0.024985 0.010141
0 0.521141 0.075198 0.011785 0.029024
0 0.515405 0.058707 0.018954 0.027704
0 0.169124 0.162269 0.011016 0.055409
0 0.145862 0.188654 0.027570 0.055409
0 0.192186 0.082454 0.012719 0.015620
0 0.161091 0.102902 0.011016 0.044855
0 0.419094 0.050112 0.014462 0.014101
0 0.444941 0.015620 0.014462 0.019578
