0 0.010187 0.710286 0.079082 0.119121
0 0.061224 0.574870 0.105442 0.121094
0 0.048469 0.649089 0.101741 0.121094
0 0.161265 0.624149 0.095218 0.167969
0 0.270811 0.518880 0.084184 0.114115
0 0.147514 0.501906 0.082481 0.104167
0 0.155442 0.421177 0.062925 0.085918
0 0.248724 0.419451 0.062075 0.074219
0 0.411690 0.160026 0.048469 0.071615
0 0.441452 0.108594 0.018265 0.065104
0 0.121001 0.185417 0.058671 0.078125
0 0.178401 0.116589 0.019116 0.061198
0 0.427296 0.249149 0.011461 0.042969
0 0.418776 0.186849 0.010612 0.055990
0 0.454912 0.269511 0.019116 0.049479
0 0.467687 0.215495 0.017415 0.069010
0 0.479592 0.110208 0.014014 0.019062
0 0.494898 0.070112 0.044218 0.046875
2 0.468112 0.091146 0.022959 0.052081
0 0.454082 0.067057 0.012111 0.015156
0 0.011017 0.545571 0.075680 0.104167
0 0.582908 0.077474 0.011161 0.024740
0 0.509779 0.011201 0.028061 0.015156
0 0.611651 0.116621 0.071509 0.047491
0 0.629115 0.262511 0.065478 0.058047
0 0.627161 0.214169 0.056001 0.046174
0 0.627591 0.211720 0.055140 0.052770
0 0.627161 0.158971 0.011878 0.051451
0 0.558216 0.048151 0.024985 0.010141
0 0.521141 0.075198 0.011785 0.029024
0 0.515405 0.058707 0.018954 0.027704
0 0.169124 0.162269 0.011016 0.055409
0 0.145862 0.188654 0.027570 0.055409
0 0.192186 0.082454 0.012719 0.015620
0 0.161091 0.102902 0.011016 0.044855
0 0.419094 0.050112 0.014462 0.014101
0 0.444941 0.015620 0.014462 0.019578
