0 0.025085 0.711589 0.079082 0.139323
0 0.059524 0.574870 0.105442 0.121094
0 0.048044 0.650391 0.099490 0.115885
0 0.163265 0.624349 0.095238 0.167969
0 0.269983 0.518880 0.084184 0.134115
0 0.147534 0.502604 0.082483 0.104167
0 0.354592 0.424479 0.062925 0.085938
0 0.247874 0.439453 0.062075 0.074219
0 0.414541 0.360026 0.046769 0.069010
0 0.444303 0.308594 0.038265 0.065104
0 0.320153 0.386719 0.058673 0.078125
0 0.375850 0.339193 0.039116 0.061198
0 0.425595 0.253255 0.031463 0.042969
0 0.437925 0.188151 0.030612 0.055990
0 0.454932 0.270833 0.039116 0.049479
0 0.467687 0.216797 0.035714 0.066406
0 0.477891 0.139323 0.034014 0.039062
0 0.494048 0.076172 0.045918 0.048177
2 0.467687 0.093750 0.025510 0.057292
0 0.457483 0.059245 0.030612 0.032552
0 0.031037 0.544271 0.075680 0.104167
0 0.582483 0.091797 0.020408 0.035156
0 0.506378 0.037760 0.029762 0.036458
0 0.611653 0.316623 0.071509 0.047493
0 0.629315 0.262533 0.065478 0.058047
0 0.627161 0.234169 0.056001 0.046174
0 0.627591 0.213720 0.055140 0.052770
0 0.627161 0.158971 0.031878 0.051451
0 0.558236 0.048153 0.024985 0.030343
0 0.523343 0.075198 0.013785 0.029024
0 0.535405 0.058707 0.018954 0.027704
0 0.369124 0.162269 0.031016 0.055409
0 0.345862 0.188654 0.027570 0.055409
0 0.392386 0.082454 0.032739 0.035620
0 0.363093 0.102902 0.031016 0.044855
0 0.419094 0.050132 0.034462 0.034301
0 0.444941 0.035620 0.034462 0.039578
