0 0.022959 0.704427 0.061224 0.145833
0 0.059524 0.573568 0.105442 0.121094
0 0.048044 0.647786 0.099490 0.115885
0 0.164116 0.625651 0.095238 0.167969
0 0.269983 0.520182 0.084184 0.134115
0 0.146684 0.503906 0.082483 0.104167
0 0.353741 0.425781 0.062925 0.085938
0 0.248724 0.438151 0.062075 0.074219
0 0.413690 0.360026 0.048469 0.071615
0 0.444303 0.309896 0.038265 0.065104
0 0.320578 0.386068 0.061224 0.082031
0 0.374150 0.339193 0.039116 0.061198
0 0.424745 0.257161 0.031463 0.042969
0 0.437075 0.194661 0.030612 0.055990
0 0.454932 0.272135 0.039116 0.049479
0 0.467687 0.216797 0.035714 0.066406
0 0.477891 0.147135 0.034014 0.039062
0 0.492347 0.085938 0.044218 0.046875
2 0.468112 0.095703 0.026361 0.061198
0 0.460884 0.051432 0.032313 0.035156
0 0.029337 0.545573 0.075680 0.104167
0 0.589286 0.097005 0.020408 0.035156
0 0.504677 0.044271 0.029762 0.036458
0 0.611653 0.316623 0.071509 0.047493
0 0.629315 0.262533 0.065478 0.058047
0 0.627161 0.234169 0.056001 0.046174
0 0.627591 0.213720 0.055140 0.052770
0 0.627161 0.158971 0.031878 0.051451
0 0.558236 0.048153 0.024985 0.030343
0 0.523343 0.075198 0.013785 0.029024
0 0.535405 0.058707 0.018954 0.027704
0 0.369124 0.162269 0.031016 0.055409
0 0.345862 0.188654 0.027570 0.055409
0 0.392386 0.082454 0.032739 0.035620
0 0.363093 0.102902 0.031016 0.044855
0 0.419094 0.050132 0.034462 0.034301
0 0.444941 0.035620 0.034462 0.039578
