0 0.020408 0.705729 0.061224 0.145833
0 0.059524 0.576172 0.105442 0.121094
0 0.048895 0.649089 0.099490 0.115885
0 0.163265 0.624349 0.095238 0.167969
0 0.269983 0.518880 0.084184 0.134115
0 0.147534 0.502604 0.082483 0.104167
0 0.353741 0.425781 0.062925 0.085938
0 0.247874 0.438151 0.062075 0.074219
0 0.413690 0.360026 0.048469 0.071615
0 0.443452 0.308594 0.038265 0.065104
0 0.319728 0.387370 0.061224 0.082031
0 0.374150 0.341797 0.039116 0.061198
0 0.423044 0.259766 0.031463 0.042969
0 0.437075 0.197266 0.030612 0.055990
0 0.456633 0.270833 0.039116 0.049479
0 0.466837 0.218099 0.035714 0.066406
0 0.477041 0.151042 0.034014 0.039062
0 0.492347 0.089844 0.044218 0.046875
2 0.468112 0.095703 0.026361 0.061198
0 0.464286 0.047526 0.030612 0.032552
0 0.030187 0.544271 0.075680 0.104167
0 0.591837 0.100911 0.020408 0.035156
0 0.503827 0.044271 0.029762 0.036458
0 0.611653 0.316623 0.071509 0.047493
0 0.629315 0.262533 0.065478 0.058047
0 0.627161 0.234169 0.056001 0.046174
0 0.627591 0.213720 0.055140 0.052770
0 0.627161 0.158971 0.031878 0.051451
0 0.558236 0.048153 0.024985 0.030343
0 0.523343 0.075198 0.013785 0.029024
0 0.535405 0.058707 0.018954 0.027704
0 0.369124 0.162269 0.031016 0.055409
0 0.345862 0.188654 0.027570 0.055409
0 0.392386 0.082454 0.032739 0.035620
0 0.363093 0.102902 0.031016 0.044855
0 0.419094 0.050132 0.034462 0.034301
0 0.444941 0.035620 0.034462 0.039578
