0 0.017007 0.701125 0.061224 0.145811
0 0.059524 0.574870 0.105442 0.121094
0 0.048044 0.649089 0.099490 0.115885
0 0.164116 0.624149 0.095218 0.167969
0 0.271684 0.518880 0.084184 0.114115
0 0.147514 0.501906 0.082481 0.104167
0 0.152891 0.427081 0.062925 0.085918
0 0.248724 0.419451 0.062075 0.074219
0 0.411690 0.158724 0.048469 0.071615
0 0.441452 0.108594 0.018265 0.065104
0 0.120578 0.186068 0.061224 0.082011
0 0.174150 0.141099 0.019116 0.061198
0 0.422194 0.261672 0.011461 0.042969
0 0.415174 0.199870 0.010612 0.055990
0 0.455782 0.270811 0.019116 0.049479
0 0.466817 0.218099 0.015714 0.066406
0 0.476190 0.151646 0.014014 0.019062
0 0.489796 0.091750 0.044218 0.046875
2 0.467687 0.095052 0.025510 0.057292
0 0.466817 0.041620 0.010612 0.012552
0 0.011017 0.544271 0.075680 0.104167
0 0.594188 0.105469 0.022109 0.016458
0 0.501276 0.046875 0.029762 0.016458
0 0.611651 0.116621 0.071509 0.047491
0 0.629115 0.262511 0.065478 0.058047
0 0.627161 0.214169 0.056001 0.046174
0 0.627591 0.211720 0.055140 0.052770
0 0.627161 0.158971 0.011878 0.051451
0 0.558216 0.048151 0.024985 0.010141
0 0.521141 0.075198 0.011785 0.029024
0 0.515405 0.058707 0.018954 0.027704
0 0.169124 0.162269 0.011016 0.055409
0 0.145862 0.188654 0.027570 0.055409
0 0.192186 0.082454 0.012719 0.015620
0 0.161091 0.102902 0.011016 0.044855
0 0.419094 0.050112 0.014462 0.014101
0 0.444941 0.015620 0.014462 0.019578
