0 0.059524 0.574870 0.105442 0.121094
0 0.048895 0.650391 0.099490 0.115885
0 0.155187 0.636068 0.099490 0.175781
0 0.269983 0.520182 0.084184 0.134115
0 0.141582 0.505208 0.082483 0.104167
0 0.349915 0.431641 0.065476 0.089844
0 0.248724 0.439453 0.062075 0.074219
0 0.412840 0.360026 0.048469 0.071615
0 0.443452 0.308594 0.038265 0.065104
0 0.321003 0.385417 0.058673 0.078125
0 0.373299 0.341797 0.039116 0.061198
0 0.417942 0.274089 0.031463 0.042969
0 0.431973 0.211589 0.030612 0.055990
0 0.454932 0.272135 0.039116 0.049479
0 0.467687 0.218099 0.037415 0.069010
0 0.473639 0.166016 0.037415 0.042969
0 0.486395 0.113932 0.045918 0.048177
2 0.465986 0.096354 0.023810 0.054688
0 0.481293 0.020833 0.028912 0.031250
0 0.031037 0.544271 0.075680 0.104167
0 0.596939 0.130208 0.022109 0.036458
0 0.493622 0.065755 0.028061 0.035156
0 0.501701 0.022135 0.025510 0.028646
0 0.611653 0.316623 0.071509 0.047493
0 0.629315 0.262533 0.065478 0.058047
0 0.627161 0.234169 0.056001 0.046174
0 0.627591 0.213720 0.055140 0.052770
0 0.627161 0.158971 0.031878 0.051451
0 0.558236 0.048153 0.024985 0.030343
0 0.523343 0.075198 0.013785 0.029024
0 0.535405 0.058707 0.018954 0.027704
0 0.369124 0.162269 0.031016 0.055409
0 0.345862 0.188654 0.027570 0.055409
0 0.392386 0.082454 0.032739 0.035620
0 0.363093 0.102902 0.031016 0.044855
0 0.419094 0.050132 0.034462 0.034301
0 0.444941 0.035620 0.034462 0.039578
