0 0.058673 0.574870 0.105442 0.121094
0 0.048895 0.649089 0.099490 0.115885
0 0.152636 0.637370 0.099490 0.175781
0 0.268282 0.520182 0.084184 0.134115
0 0.137330 0.507812 0.082483 0.104167
0 0.349915 0.431641 0.065476 0.089844
0 0.248724 0.439453 0.062075 0.074219
0 0.413690 0.360026 0.048469 0.071615
0 0.444303 0.309896 0.038265 0.065104
0 0.321003 0.388021 0.058673 0.078125
0 0.372449 0.343099 0.039116 0.061198
0 0.417942 0.274089 0.031463 0.042969
0 0.431122 0.214193 0.030612 0.055990
0 0.455782 0.272135 0.039116 0.049479
0 0.466837 0.219401 0.035714 0.066406
0 0.474490 0.167318 0.037415 0.042969
0 0.485544 0.116536 0.045918 0.048177
2 0.465136 0.096354 0.023810 0.054688
0 0.484694 0.016276 0.027211 0.029948
0 0.030187 0.542969 0.075680 0.104167
0 0.596514 0.134766 0.022959 0.037760
0 0.492772 0.068359 0.028061 0.035156
0 0.500850 0.024740 0.025510 0.028646
0 0.611653 0.316623 0.071509 0.047493
0 0.629315 0.262533 0.065478 0.058047
0 0.627161 0.234169 0.056001 0.046174
0 0.627591 0.213720 0.055140 0.052770
0 0.627161 0.158971 0.031878 0.051451
0 0.558236 0.048153 0.024985 0.030343
0 0.523343 0.075198 0.013785 0.029024
0 0.535405 0.058707 0.018954 0.027704
0 0.369124 0.162269 0.031016 0.055409
0 0.345862 0.188654 0.027570 0.055409
0 0.392386 0.082454 0.032739 0.035620
0 0.363093 0.102902 0.031016 0.044855
0 0.419094 0.050132 0.034462 0.034301
0 0.444941 0.035620 0.034462 0.039578
