0 0.059524 0.576172 0.105442 0.121094
0 0.048895 0.650191 0.099490 0.115885
0 0.151786 0.618021 0.104592 0.184896
0 0.267412 0.524089 0.084184 0.114115
0 0.111929 0.510417 0.082481 0.104167
0 0.149065 0.411641 0.065476 0.089844
0 0.248724 0.419451 0.062075 0.074219
0 0.414541 0.160026 0.048469 0.071615
0 0.441452 0.109896 0.018265 0.065104
0 0.120151 0.188021 0.058671 0.078125
0 0.172449 0.144401 0.019116 0.061198
0 0.417092 0.276691 0.011461 0.042969
0 0.411971 0.215495 0.010612 0.055990
0 0.455782 0.270811 0.019116 0.049479
0 0.467687 0.219401 0.015714 0.066406
0 0.474490 0.167969 0.019116 0.044271
0 0.485969 0.119141 0.048469 0.050781
2 0.465986 0.092448 0.021810 0.054688
0 0.486820 0.015625 0.026161 0.028646
0 0.010187 0.544271 0.075680 0.104167
0 0.594188 0.118021 0.022109 0.016458
0 0.491922 0.070112 0.029762 0.016458
0 0.499575 0.026691 0.024660 0.027144
0 0.109949 0.127474 0.067177 0.079427
0 0.611651 0.116621 0.071509 0.047491
0 0.629115 0.262511 0.065478 0.058047
0 0.627161 0.214169 0.056001 0.046174
0 0.627591 0.211720 0.055140 0.052770
0 0.627161 0.158971 0.011878 0.051451
0 0.558216 0.048151 0.024985 0.010141
0 0.521141 0.075198 0.011785 0.029024
0 0.515405 0.058707 0.018954 0.027704
0 0.169124 0.162269 0.011016 0.055409
0 0.145862 0.188654 0.027570 0.055409
0 0.192186 0.082454 0.012719 0.015620
0 0.161091 0.102902 0.011016 0.044855
0 0.419094 0.050112 0.014462 0.014101
0 0.444941 0.015620 0.014462 0.019578
