0 0.057821 0.576172 0.105442 0.121094
0 0.047194 0.650191 0.099490 0.115885
0 0.142412 0.666248 0.104592 0.149276
0 0.257228 0.528646 0.087585 0.140625
0 0.121299 0.511672 0.081611 0.102865
0 0.146088 0.412292 0.062925 0.085918
0 0.246171 0.419451 0.062075 0.074219
0 0.411690 0.161128 0.048469 0.071615
0 0.444101 0.107292 0.018265 0.065104
0 0.121001 0.186719 0.058671 0.078125
0 0.171599 0.141797 0.019116 0.061198
0 0.415191 0.281901 0.011461 0.042969
0 0.429422 0.219401 0.010612 0.055990
0 0.454082 0.272115 0.019116 0.049479
0 0.465986 0.219401 0.015714 0.066406
0 0.474065 0.172526 0.041167 0.048177
0 0.482141 0.110859 0.051020 0.051185
2 0.465561 0.095052 0.024660 0.057292
0 0.010187 0.544271 0.075680 0.104167
0 0.581207 0.152144 0.029762 0.041667
0 0.489171 0.082011 0.029762 0.016458
0 0.492772 0.015807 0.024660 0.027144
0 0.142262 0.287109 0.056971 0.069010
0 0.611651 0.116621 0.071509 0.047491
0 0.629115 0.262511 0.065478 0.058047
0 0.627161 0.214169 0.056001 0.046174
0 0.627591 0.211720 0.055140 0.052770
0 0.627161 0.158971 0.011878 0.051451
0 0.558216 0.048151 0.024985 0.010141
0 0.521141 0.075198 0.011785 0.029024
0 0.515405 0.058707 0.018954 0.027704
0 0.169124 0.162269 0.011016 0.055409
0 0.145862 0.188654 0.027570 0.055409
0 0.192186 0.082454 0.012719 0.015620
0 0.161091 0.102902 0.011016 0.044855
0 0.419094 0.050112 0.014462 0.014101
0 0.444941 0.015620 0.014462 0.019578
