0 0.057821 0.577474 0.105442 0.121094
0 0.046144 0.649089 0.099490 0.115885
0 0.119011 0.666667 0.104592 0.148418
0 0.256178 0.529948 0.087585 0.140625
0 0.122449 0.511021 0.078211 0.098958
0 0.145218 0.411594 0.062925 0.085918
0 0.247024 0.419451 0.062075 0.074219
0 0.412840 0.161128 0.048469 0.071615
0 0.441452 0.108594 0.018265 0.065104
0 0.121001 0.188021 0.058671 0.078125
0 0.170748 0.141797 0.019116 0.061198
0 0.416241 0.280599 0.011461 0.042969
0 0.429422 0.222005 0.010612 0.055990
0 0.455782 0.272115 0.019116 0.049479
0 0.466817 0.219401 0.015714 0.066406
0 0.474065 0.170571 0.041667 0.046875
0 0.482568 0.111464 0.051571 0.055990
2 0.464711 0.095052 0.024660 0.057292
0 0.029117 0.545571 0.075680 0.104167
0 0.578656 0.154948 0.029762 0.041667
0 0.489171 0.081111 0.029762 0.016458
0 0.491922 0.018411 0.024660 0.027144
0 0.149915 0.277995 0.056971 0.069010
0 0.611651 0.116621 0.071509 0.047491
0 0.629115 0.262511 0.065478 0.058047
0 0.627161 0.214169 0.056001 0.046174
0 0.627591 0.211720 0.055140 0.052770
0 0.627161 0.158971 0.011878 0.051451
0 0.558216 0.048151 0.024985 0.010141
0 0.521141 0.075198 0.011785 0.029024
0 0.515405 0.058707 0.018954 0.027704
0 0.169124 0.162269 0.011016 0.055409
0 0.145862 0.188654 0.027570 0.055409
0 0.192186 0.082454 0.012719 0.015620
0 0.161091 0.102902 0.011016 0.044855
0 0.419094 0.050112 0.014462 0.014101
0 0.444941 0.015620 0.014462 0.019578
