0 0.058671 0.576172 0.105442 0.121094
0 0.047194 0.647786 0.099490 0.115885
0 0.096514 0.705729 0.126701 0.179688
0 0.211718 0.557941 0.096088 0.154948
0 0.101116 0.519511 0.071980 0.091750
0 0.118010 0.442057 0.065476 0.089844
0 0.246171 0.419451 0.062075 0.074219
0 0.408588 0.169141 0.050170 0.074219
0 0.444101 0.107292 0.018265 0.065104
0 0.121001 0.189121 0.058671 0.078125
0 0.171599 0.141797 0.040816 0.061802
0 0.411690 0.285807 0.011461 0.042969
0 0.429422 0.222005 0.010612 0.055990
0 0.454912 0.272115 0.019116 0.049479
0 0.465986 0.218750 0.014014 0.062500
0 0.474065 0.175781 0.041667 0.046875
0 0.480442 0.141276 0.056122 0.058594
0 0.010187 0.545571 0.075680 0.104167
0 0.547619 0.171828 0.010612 0.042969
0 0.481291 0.107422 0.010612 0.017760
0 0.480867 0.057941 0.026161 0.029948
0 0.190711 0.194661 0.041667 0.050781
0 0.611651 0.116621 0.071509 0.047491
0 0.629115 0.262511 0.065478 0.058047
0 0.627161 0.214169 0.056001 0.046174
0 0.627591 0.211720 0.055140 0.052770
0 0.627161 0.158971 0.011878 0.051451
0 0.558216 0.048151 0.024985 0.010141
0 0.521141 0.075198 0.011785 0.029024
0 0.515405 0.058707 0.018954 0.027704
0 0.169124 0.162269 0.011016 0.055409
0 0.145862 0.188654 0.027570 0.055409
0 0.192186 0.082454 0.012719 0.015620
0 0.161091 0.102902 0.011016 0.044855
0 0.419094 0.050112 0.014462 0.014101
0 0.444941 0.015620 0.014462 0.019578
