0 0.057823 0.574870 0.105442 0.121094
0 0.046344 0.649089 0.099490 0.115885
0 0.094388 0.707682 0.132653 0.188802
0 0.217687 0.572266 0.091837 0.147135
0 0.089711 0.524740 0.073980 0.093750
0 0.329507 0.453125 0.068878 0.093750
0 0.249575 0.447266 0.068878 0.089844
0 0.404337 0.378255 0.050170 0.074219
0 0.443452 0.305990 0.038265 0.065104
0 0.321003 0.388021 0.058673 0.078125
0 0.371599 0.340495 0.040816 0.063802
0 0.413690 0.287109 0.031463 0.042969
0 0.428571 0.223307 0.030612 0.055990
0 0.454932 0.270833 0.039116 0.049479
0 0.466837 0.218750 0.034014 0.062500
0 0.474065 0.178385 0.041667 0.046875
0 0.479592 0.142578 0.056122 0.058594
0 0.030187 0.545573 0.075680 0.104167
0 0.538265 0.186849 0.030612 0.042969
0 0.474490 0.115234 0.030612 0.037760
0 0.480017 0.064453 0.026361 0.029948
0 0.400935 0.169922 0.041667 0.050781
0 0.611653 0.316623 0.071509 0.047493
0 0.629315 0.262533 0.065478 0.058047
0 0.627161 0.234169 0.056001 0.046174
0 0.627591 0.213720 0.055140 0.052770
0 0.627161 0.158971 0.031878 0.051451
0 0.558236 0.048153 0.024985 0.030343
0 0.523343 0.075198 0.013785 0.029024
0 0.535405 0.058707 0.018954 0.027704
0 0.369124 0.162269 0.031016 0.055409
0 0.345862 0.188654 0.027570 0.055409
0 0.392386 0.082454 0.032739 0.035620
0 0.363093 0.102902 0.031016 0.044855
0 0.419094 0.050132 0.034462 0.034301
0 0.444941 0.035620 0.034462 0.039578
