0 0.058671 0.574870 0.105442 0.121094
0 0.047194 0.649089 0.099490 0.115885
0 0.091517 0.707682 0.112651 0.188802
0 0.217687 0.571568 0.091817 0.147115
0 0.089711 0.524740 0.071980 0.091750
0 0.111207 0.451821 0.068878 0.091750
0 0.249575 0.447266 0.068878 0.089844
0 0.401486 0.176951 0.050170 0.074219
0 0.441452 0.105990 0.018265 0.065104
0 0.120151 0.189121 0.058671 0.078125
0 0.172449 0.141797 0.040816 0.061802
0 0.411990 0.285807 0.011461 0.042969
0 0.428571 0.224609 0.010612 0.055990
0 0.454912 0.270811 0.019116 0.049479
0 0.465986 0.218750 0.014014 0.062500
0 0.471214 0.175781 0.041667 0.046875
0 0.479592 0.141880 0.056122 0.058594
0 0.010187 0.546875 0.075680 0.104167
0 0.518265 0.188151 0.010612 0.042969
0 0.472789 0.111912 0.010612 0.017760
0 0.480017 0.064451 0.026161 0.029948
0 0.400915 0.171224 0.041667 0.050781
0 0.611651 0.116621 0.071509 0.047491
0 0.629115 0.262511 0.065478 0.058047
0 0.627161 0.214169 0.056001 0.046174
0 0.627591 0.211720 0.055140 0.052770
0 0.627161 0.158971 0.011878 0.051451
0 0.558216 0.048151 0.024985 0.010141
0 0.521141 0.075198 0.011785 0.029024
0 0.515405 0.058707 0.018954 0.027704
0 0.169124 0.162269 0.011016 0.055409
0 0.145862 0.188654 0.027570 0.055409
0 0.192186 0.082454 0.012719 0.015620
0 0.161091 0.102902 0.011016 0.044855
0 0.419094 0.050112 0.014462 0.014101
0 0.444941 0.015620 0.014462 0.019578
