0 0.057821 0.574870 0.105442 0.121094
0 0.047194 0.649089 0.099490 0.115885
0 0.095218 0.707682 0.112651 0.188802
0 0.211715 0.578776 0.091817 0.147115
0 0.077181 0.519714 0.081611 0.102865
0 0.126956 0.455729 0.068878 0.091750
0 0.248724 0.446615 0.072279 0.091750
0 0.199215 0.181464 0.048469 0.071615
0 0.444101 0.107292 0.018265 0.065104
0 0.121001 0.189121 0.058671 0.078125
0 0.172449 0.141099 0.040816 0.061802
0 0.411690 0.285807 0.011461 0.042969
0 0.428571 0.225911 0.010612 0.055990
0 0.454082 0.269511 0.019116 0.049479
0 0.466817 0.218750 0.014014 0.062500
0 0.474065 0.176412 0.041167 0.048177
0 0.480017 0.141880 0.051571 0.055990
0 0.010187 0.546875 0.075680 0.104167
0 0.512111 0.198568 0.012111 0.045571
0 0.467687 0.119141 0.010612 0.017760
0 0.479592 0.067708 0.025510 0.028646
0 0.406017 0.155599 0.019966 0.048177
0 0.611651 0.116621 0.071509 0.047491
0 0.629115 0.262511 0.065478 0.058047
0 0.627161 0.214169 0.056001 0.046174
0 0.627591 0.211720 0.055140 0.052770
0 0.627161 0.158971 0.011878 0.051451
0 0.558216 0.048151 0.024985 0.010141
0 0.521141 0.075198 0.011785 0.029024
0 0.515405 0.058707 0.018954 0.027704
0 0.169124 0.162269 0.011016 0.055409
0 0.145862 0.188654 0.027570 0.055409
0 0.192186 0.082454 0.012719 0.015620
0 0.161091 0.102902 0.011016 0.044855
0 0.419094 0.050112 0.014462 0.014101
0 0.444941 0.015620 0.014462 0.019578
