0 0.057823 0.574870 0.105442 0.121094
0 0.047194 0.650391 0.099490 0.115885
0 0.073554 0.722005 0.125000 0.149740
0 0.207483 0.585286 0.091837 0.147135
0 0.072279 0.547526 0.081633 0.102865
0 0.323554 0.459635 0.068878 0.093750
0 0.248724 0.447266 0.068878 0.089844
0 0.394983 0.389974 0.050170 0.074219
0 0.444303 0.305990 0.038265 0.065104
0 0.321003 0.388021 0.058673 0.078125
0 0.371599 0.343099 0.040816 0.063802
0 0.412840 0.284505 0.031463 0.042969
0 0.427721 0.224609 0.030612 0.055990
0 0.454082 0.272135 0.039116 0.049479
0 0.465986 0.218750 0.034014 0.062500
0 0.474065 0.177083 0.041667 0.046875
0 0.479167 0.146484 0.053571 0.055990
0 0.031037 0.545573 0.075680 0.104167
0 0.527211 0.211589 0.034014 0.048177
0 0.460884 0.123047 0.030612 0.037760
0 0.478316 0.072266 0.026361 0.029948
0 0.411139 0.143880 0.039966 0.048177
0 0.611653 0.316623 0.071509 0.047493
0 0.629315 0.262533 0.065478 0.058047
0 0.627161 0.234169 0.056001 0.046174
0 0.627591 0.213720 0.055140 0.052770
0 0.627161 0.158971 0.031878 0.051451
0 0.558236 0.048153 0.024985 0.030343
0 0.523343 0.075198 0.013785 0.029024
0 0.535405 0.058707 0.018954 0.027704
0 0.369124 0.162269 0.031016 0.055409
0 0.345862 0.188654 0.027570 0.055409
0 0.392386 0.082454 0.032739 0.035620
0 0.363093 0.102902 0.031016 0.044855
0 0.419094 0.050132 0.034462 0.034301
0 0.444941 0.035620 0.034462 0.039578
