0 0.058673 0.576172 0.105442 0.121094
0 0.048044 0.649089 0.099490 0.115885
0 0.072704 0.719401 0.125000 0.149740
0 0.204932 0.585286 0.091837 0.147135
0 0.068452 0.550130 0.085884 0.108073
0 0.321003 0.461589 0.065476 0.089844
0 0.248724 0.447266 0.068878 0.089844
0 0.387330 0.397786 0.048469 0.071615
0 0.443452 0.307292 0.038265 0.065104
0 0.321003 0.388021 0.058673 0.078125
0 0.371599 0.341797 0.040816 0.063802
0 0.412840 0.284505 0.031463 0.042969
0 0.429422 0.225911 0.030612 0.055990
0 0.454082 0.270833 0.039116 0.049479
0 0.465986 0.218750 0.034014 0.062500
0 0.473214 0.177083 0.041667 0.046875
0 0.480442 0.147786 0.051020 0.053385
0 0.029337 0.545573 0.075680 0.104167
0 0.522109 0.225260 0.035714 0.049479
0 0.457483 0.129557 0.030612 0.037760
0 0.478316 0.074870 0.026361 0.029948
0 0.414541 0.130859 0.039966 0.048177
0 0.611653 0.316623 0.071509 0.047493
0 0.629315 0.262533 0.065478 0.058047
0 0.627161 0.234169 0.056001 0.046174
0 0.627591 0.213720 0.055140 0.052770
0 0.627161 0.158971 0.031878 0.051451
0 0.558236 0.048153 0.024985 0.030343
0 0.523343 0.075198 0.013785 0.029024
0 0.535405 0.058707 0.018954 0.027704
0 0.369124 0.162269 0.031016 0.055409
0 0.345862 0.188654 0.027570 0.055409
0 0.392386 0.082454 0.032739 0.035620
0 0.363093 0.102902 0.031016 0.044855
0 0.419094 0.050132 0.034462 0.034301
0 0.444941 0.035620 0.034462 0.039578
