0 0.057823 0.574870 0.105442 0.121094
0 0.047194 0.649089 0.099490 0.115885
0 0.074405 0.719401 0.125000 0.149740
0 0.198129 0.593099 0.091837 0.147135
0 0.067602 0.555339 0.085884 0.108073
0 0.317602 0.463542 0.068878 0.093750
0 0.248724 0.445964 0.065476 0.084635
0 0.379677 0.410807 0.048469 0.071615
0 0.438350 0.319010 0.039966 0.067708
0 0.321854 0.386719 0.058673 0.078125
0 0.371599 0.341797 0.040816 0.063802
0 0.411990 0.287109 0.031463 0.042969
0 0.428571 0.225911 0.030612 0.055990
0 0.455782 0.270833 0.039116 0.049479
0 0.465986 0.218750 0.034014 0.062500
0 0.474915 0.178385 0.041667 0.046875
0 0.479592 0.147786 0.051020 0.053385
0 0.511480 0.298828 0.041667 0.058594
0 0.447279 0.151042 0.032313 0.039062
0 0.477466 0.087891 0.026361 0.029948
0 0.428146 0.094401 0.039966 0.048177
0 0.512755 0.039062 0.022109 0.033854
0 0.544218 0.011719 0.015306 0.020833
0 0.519983 0.013021 0.017857 0.023438
0 0.611653 0.316623 0.071509 0.047493
0 0.629315 0.262533 0.065478 0.058047
0 0.627161 0.234169 0.056001 0.046174
0 0.627591 0.213720 0.055140 0.052770
0 0.627161 0.158971 0.031878 0.051451
0 0.558236 0.048153 0.024985 0.030343
0 0.523343 0.075198 0.013785 0.029024
0 0.535405 0.058707 0.018954 0.027704
0 0.369124 0.162269 0.031016 0.055409
0 0.345862 0.188654 0.027570 0.055409
0 0.392386 0.082454 0.032739 0.035620
0 0.363093 0.102902 0.031016 0.044855
0 0.419094 0.050132 0.034462 0.034301
0 0.444941 0.035620 0.034462 0.039578
