0 0.056973 0.573568 0.105442 0.121094
0 0.046344 0.647786 0.099490 0.115885
0 0.073554 0.720703 0.125000 0.149740
0 0.198129 0.591797 0.091837 0.147135
0 0.058673 0.563151 0.102041 0.121094
0 0.315901 0.463542 0.068878 0.093750
0 0.248724 0.444661 0.065476 0.084635
0 0.379677 0.410807 0.048469 0.071615
0 0.436650 0.319010 0.039966 0.067708
0 0.321003 0.388021 0.058673 0.078125
0 0.370748 0.343099 0.040816 0.063802
0 0.411990 0.285807 0.031463 0.042969
0 0.427721 0.225911 0.030612 0.055990
0 0.455782 0.269531 0.039116 0.049479
0 0.465136 0.217448 0.034014 0.062500
0 0.474065 0.177083 0.041667 0.046875
0 0.479592 0.147786 0.051020 0.053385
0 0.511480 0.307943 0.048469 0.079427
0 0.445578 0.152344 0.032313 0.039062
0 0.477466 0.089193 0.026361 0.029948
0 0.428997 0.090495 0.039966 0.048177
0 0.511054 0.039062 0.022109 0.033854
0 0.542517 0.011719 0.015306 0.020833
0 0.518707 0.011068 0.018707 0.024740
0 0.611653 0.316623 0.071509 0.047493
0 0.629315 0.262533 0.065478 0.058047
0 0.627161 0.234169 0.056001 0.046174
0 0.627591 0.213720 0.055140 0.052770
0 0.627161 0.158971 0.031878 0.051451
0 0.558236 0.048153 0.024985 0.030343
0 0.523343 0.075198 0.013785 0.029024
0 0.535405 0.058707 0.018954 0.027704
0 0.369124 0.162269 0.031016 0.055409
0 0.345862 0.188654 0.027570 0.055409
0 0.392386 0.082454 0.032739 0.035620
0 0.363093 0.102902 0.031016 0.044855
0 0.419094 0.050132 0.034462 0.034301
0 0.444941 0.035620 0.034462 0.039578
