0 0.056122 0.574870 0.105442 0.121094
0 0.047194 0.647786 0.099490 0.115885
0 0.074405 0.719401 0.125000 0.149740
0 0.197279 0.594401 0.091817 0.147115
0 0.057821 0.561151 0.102041 0.121094
0 0.115051 0.461542 0.068878 0.091750
0 0.248724 0.444661 0.065476 0.084615
0 0.178827 0.410807 0.050170 0.074219
0 0.411548 0.126172 0.041167 0.074219
0 0.120151 0.186719 0.058671 0.078125
0 0.170748 0.141099 0.040816 0.061802
0 0.412840 0.281201 0.011461 0.042969
0 0.429422 0.225911 0.010612 0.055990
0 0.454912 0.270811 0.019116 0.049479
0 0.465116 0.217448 0.014014 0.062500
0 0.471214 0.175781 0.041667 0.046875
0 0.479167 0.147786 0.051571 0.055990
0 0.494471 0.176102 0.050170 0.081111
0 0.441878 0.165165 0.012111 0.019062
0 0.484269 0.102214 0.024660 0.027144
0 0.442177 0.072266 0.015714 0.042969
0 0.506801 0.042969 0.022109 0.011854
0 0.514014 0.016927 0.015106 0.020811
0 0.512755 0.014121 0.020408 0.026042
0 0.611651 0.116621 0.071509 0.047491
0 0.629115 0.262511 0.065478 0.058047
0 0.627161 0.214169 0.056001 0.046174
0 0.627591 0.211720 0.055140 0.052770
0 0.627161 0.158971 0.011878 0.051451
0 0.558216 0.048151 0.024985 0.010141
0 0.521141 0.075198 0.011785 0.029024
0 0.515405 0.058707 0.018954 0.027704
0 0.169124 0.162269 0.011016 0.055409
0 0.145862 0.188654 0.027570 0.055409
0 0.192186 0.082454 0.012719 0.015620
0 0.161091 0.102902 0.011016 0.044855
0 0.419094 0.050112 0.014462 0.014101
0 0.444941 0.015620 0.014462 0.019578
