0 0.056122 0.574870 0.105442 0.121094
0 0.048895 0.646484 0.099490 0.115885
0 0.071554 0.719401 0.125000 0.149740
0 0.190476 0.602214 0.091817 0.147115
0 0.058671 0.561151 0.102041 0.121094
0 0.114201 0.464844 0.068878 0.091750
0 0.245121 0.445964 0.065476 0.084615
0 0.178827 0.408201 0.050170 0.074219
0 0.416667 0.142448 0.045918 0.078125
0 0.121001 0.186719 0.058671 0.078125
0 0.171599 0.141099 0.042517 0.066406
0 0.412840 0.284505 0.011461 0.042969
0 0.429422 0.227214 0.010612 0.055990
0 0.446429 0.292969 0.019116 0.049479
0 0.464286 0.221154 0.014014 0.062500
0 0.474065 0.177081 0.041667 0.046875
0 0.478741 0.149089 0.025510 0.042969
0 0.160544 0.771418 0.091817 0.112812
0 0.442177 0.177081 0.012111 0.019062
0 0.519981 0.191159 0.011461 0.015156
0 0.505952 0.045571 0.022109 0.011854
0 0.518282 0.029297 0.017857 0.029948
0 0.519966 0.012170 0.020408 0.019511
2 0.461415 0.104818 0.011605 0.050781
0 0.611651 0.116621 0.071509 0.047491
0 0.629115 0.262511 0.065478 0.058047
0 0.627161 0.214169 0.056001 0.046174
0 0.627591 0.211720 0.055140 0.052770
0 0.627161 0.158971 0.011878 0.051451
0 0.558216 0.048151 0.024985 0.010141
0 0.521141 0.075198 0.011785 0.029024
0 0.515405 0.058707 0.018954 0.027704
0 0.169124 0.162269 0.011016 0.055409
0 0.145862 0.188654 0.027570 0.055409
0 0.192186 0.082454 0.012719 0.015620
0 0.161091 0.102902 0.011016 0.044855
0 0.419094 0.050112 0.014462 0.014101
0 0.444941 0.015620 0.014462 0.019578
