0 0.056122 0.574870 0.105442 0.121094
0 0.048044 0.646484 0.099490 0.115885
0 0.074405 0.720703 0.125000 0.149740
0 0.173044 0.621745 0.090986 0.147135
0 0.057823 0.564453 0.102041 0.121094
0 0.314201 0.466146 0.068878 0.093750
0 0.232143 0.462240 0.066327 0.101562
0 0.378827 0.409505 0.050170 0.074219
0 0.416667 0.342448 0.045918 0.078125
0 0.321003 0.386719 0.058673 0.078125
0 0.370748 0.340495 0.042517 0.066406
0 0.411990 0.284505 0.031463 0.042969
0 0.428571 0.227214 0.030612 0.055990
0 0.444728 0.296875 0.039116 0.049479
0 0.464286 0.223958 0.034014 0.062500
0 0.474065 0.176432 0.043367 0.048177
0 0.478741 0.147786 0.025510 0.042969
0 0.302721 0.888021 0.112245 0.161458
0 0.440901 0.175130 0.033163 0.040365
0 0.519983 0.220052 0.031463 0.054688
0 0.505952 0.045573 0.022109 0.033854
0 0.517432 0.030599 0.017857 0.029948
0 0.536565 0.014974 0.020408 0.019531
0 0.473639 0.054688 0.025510 0.044271
0 0.611653 0.316623 0.071509 0.047493
0 0.629315 0.262533 0.065478 0.058047
0 0.627161 0.234169 0.056001 0.046174
0 0.627591 0.213720 0.055140 0.052770
0 0.627161 0.158971 0.031878 0.051451
0 0.558236 0.048153 0.024985 0.030343
0 0.523343 0.075198 0.013785 0.029024
0 0.535405 0.058707 0.018954 0.027704
0 0.369124 0.162269 0.031016 0.055409
0 0.345862 0.188654 0.027570 0.055409
0 0.392386 0.082454 0.032739 0.035620
0 0.363093 0.102902 0.031016 0.044855
0 0.419094 0.050132 0.034462 0.034301
0 0.444941 0.035620 0.034462 0.039578
