0 0.061701 0.722955 0.111141 0.147757
0 0.062409 0.649077 0.094771 0.129288
0 0.062409 0.580475 0.110279 0.147757
0 0.012255 0.556069 0.075817 0.109499
0 0.180441 0.608819 0.098218 0.154154
0 0.221521 0.465699 0.070648 0.094987
0 0.111199 0.476911 0.061755 0.098945
0 0.126908 0.187861 0.060109 0.081794
0 0.178170 0.411609 0.056001 0.076517
0 0.180755 0.141029 0.056001 0.062005
0 0.415648 0.158179 0.046524 0.075198
0 0.412202 0.279024 0.044801 0.069921
0 0.451814 0.297491 0.016185 0.075198
0 0.522051 0.244061 0.028411 0.065961
0 0.411156 0.222296 0.027570 0.062005
0 0.467772 0.226251 0.015124 0.069921
0 0.442787 0.172164 0.011878 0.056728
0 0.478971 0.145119 0.010155 0.042216
0 0.476819 0.187995 0.014462 0.046174
2 0.461741 0.098285 0.018091 0.041516
0 0.519015 0.027045 0.020677 0.027704
0 0.541005 0.015172 0.021262 0.027704
0 0.611651 0.116621 0.071509 0.047491
0 0.629115 0.262511 0.065478 0.058047
0 0.627161 0.214169 0.056001 0.046174
0 0.627591 0.211720 0.055140 0.052770
0 0.627161 0.158971 0.011878 0.051451
0 0.558216 0.048151 0.024985 0.010141
0 0.521141 0.075198 0.011785 0.029024
0 0.515405 0.058707 0.018954 0.027704
0 0.169124 0.162269 0.011016 0.055409
0 0.145862 0.188654 0.027570 0.055409
0 0.192186 0.082454 0.012719 0.015620
0 0.161091 0.102902 0.011016 0.044855
0 0.419094 0.050112 0.014462 0.014101
0 0.444941 0.015620 0.014462 0.019578
