0 0.062925 0.720701 0.110544 0.147115
0 0.062500 0.649089 0.094188 0.128906
0 0.061650 0.581180 0.109694 0.147115
0 0.011017 0.555990 0.075680 0.109175
0 0.178997 0.608071 0.097789 0.151646
0 0.195151 0.479167 0.070578 0.091750
0 0.106971 0.477214 0.062925 0.097656
0 0.126511 0.185417 0.059524 0.080729
0 0.177126 0.410156 0.055272 0.075521
0 0.179677 0.141146 0.058671 0.065104
0 0.414966 0.158724 0.045918 0.074219
0 0.409014 0.284505 0.044218 0.069010
0 0.448129 0.101412 0.015714 0.074219
0 0.517857 0.102714 0.010612 0.071615
0 0.411971 0.222005 0.027211 0.061198
0 0.464711 0.211120 0.014864 0.069010
0 0.442602 0.171224 0.011461 0.055990
0 0.478116 0.144511 0.029762 0.041667
0 0.476190 0.190755 0.014014 0.045571
2 0.460014 0.099609 0.018707 0.045571
0 0.518707 0.025191 0.020408 0.027144
0 0.519116 0.015625 0.022109 0.026042
0 0.611651 0.116621 0.071509 0.047491
0 0.629115 0.262511 0.065478 0.058047
0 0.627161 0.214169 0.056001 0.046174
0 0.627591 0.211720 0.055140 0.052770
0 0.627161 0.158971 0.011878 0.051451
0 0.558216 0.048151 0.024985 0.010141
0 0.521141 0.075198 0.011785 0.029024
0 0.515405 0.058707 0.018954 0.027704
0 0.169124 0.162269 0.011016 0.055409
0 0.145862 0.188654 0.027570 0.055409
0 0.192186 0.082454 0.012719 0.015620
0 0.161091 0.102902 0.011016 0.044855
0 0.419094 0.050112 0.014462 0.014101
0 0.444941 0.015620 0.014462 0.019578
