0 0.062925 0.722005 0.110544 0.147115
0 0.062500 0.649089 0.094188 0.128906
0 0.061650 0.581180 0.109694 0.147115
0 0.011017 0.555990 0.075680 0.109175
0 0.179847 0.608071 0.097789 0.151646
0 0.171044 0.490885 0.070578 0.091750
0 0.105272 0.481120 0.062925 0.097656
0 0.125680 0.184115 0.059524 0.080729
0 0.176276 0.411458 0.055272 0.075521
0 0.180527 0.142448 0.058671 0.065104
0 0.414966 0.158724 0.045918 0.074219
0 0.407111 0.288411 0.044218 0.069010
0 0.444728 0.107292 0.017415 0.078125
0 0.509154 0.159175 0.012111 0.075521
0 0.410272 0.221107 0.027211 0.061198
0 0.461110 0.218912 0.014864 0.069010
0 0.442602 0.171224 0.011461 0.055990
0 0.477466 0.145811 0.029762 0.041667
0 0.474490 0.195964 0.014014 0.045571
2 0.458759 0.099609 0.017857 0.042969
0 0.517857 0.024089 0.020408 0.027144
0 0.518265 0.014121 0.022109 0.026042
0 0.611651 0.116621 0.071509 0.047491
0 0.629115 0.262511 0.065478 0.058047
0 0.627161 0.214169 0.056001 0.046174
0 0.627591 0.211720 0.055140 0.052770
0 0.627161 0.158971 0.011878 0.051451
0 0.558216 0.048151 0.024985 0.010141
0 0.521141 0.075198 0.011785 0.029024
0 0.515405 0.058707 0.018954 0.027704
0 0.169124 0.162269 0.011016 0.055409
0 0.145862 0.188654 0.027570 0.055409
0 0.192186 0.082454 0.012719 0.015620
0 0.161091 0.102902 0.011016 0.044855
0 0.419094 0.050112 0.014462 0.014101
0 0.444941 0.015620 0.014462 0.019578
