0 0.062925 0.719401 0.110544 0.147115
0 0.062500 0.650191 0.094188 0.128906
0 0.062500 0.581180 0.109694 0.147115
0 0.011017 0.557292 0.075680 0.109175
0 0.178997 0.608071 0.097789 0.151646
0 0.167092 0.492188 0.070578 0.091750
0 0.104422 0.481120 0.062925 0.097656
0 0.124810 0.186719 0.059524 0.080729
0 0.176276 0.410807 0.058671 0.079427
0 0.179677 0.141146 0.058671 0.065104
0 0.414966 0.157422 0.045918 0.074219
0 0.408161 0.287109 0.044218 0.069010
0 0.441878 0.111198 0.017415 0.078125
0 0.504252 0.176102 0.012111 0.075521
0 0.411122 0.224609 0.027211 0.061198
0 0.460459 0.241516 0.014864 0.069010
0 0.441752 0.172526 0.011461 0.055990
0 0.476616 0.148418 0.029762 0.041667
0 0.474490 0.199870 0.014014 0.045571
2 0.458759 0.098107 0.017857 0.042969
0 0.518707 0.024089 0.020408 0.027144
0 0.519116 0.014121 0.022109 0.026042
0 0.611651 0.116621 0.071509 0.047491
0 0.629115 0.262511 0.065478 0.058047
0 0.627161 0.214169 0.056001 0.046174
0 0.627591 0.211720 0.055140 0.052770
0 0.627161 0.158971 0.011878 0.051451
0 0.558216 0.048151 0.024985 0.010141
0 0.521141 0.075198 0.011785 0.029024
0 0.515405 0.058707 0.018954 0.027704
0 0.169124 0.162269 0.011016 0.055409
0 0.145862 0.188654 0.027570 0.055409
0 0.192186 0.082454 0.012719 0.015620
0 0.161091 0.102902 0.011016 0.044855
0 0.419094 0.050112 0.014462 0.014101
0 0.444941 0.015620 0.014462 0.019578
