0 0.062075 0.719401 0.110544 0.147115
0 0.062500 0.649089 0.094188 0.128906
0 0.061650 0.578776 0.109694 0.147115
0 0.029117 0.557292 0.075680 0.109175
0 0.177296 0.608071 0.097789 0.151646
0 0.141282 0.501102 0.071980 0.098958
0 0.298469 0.485026 0.062925 0.097656
0 0.117177 0.191229 0.059524 0.080729
0 0.176276 0.409505 0.058671 0.079427
0 0.178401 0.117891 0.057821 0.061802
0 0.414116 0.157422 0.045918 0.074219
0 0.405612 0.288411 0.042517 0.066406
0 0.440476 0.117708 0.017415 0.078125
0 0.429422 0.228516 0.027211 0.061198
0 0.451656 0.258464 0.011161 0.066406
0 0.440901 0.184245 0.011161 0.058594
0 0.472164 0.171875 0.011461 0.044271
0 0.468112 0.221107 0.014864 0.048177
2 0.454507 0.104818 0.017857 0.042969
0 0.519558 0.026691 0.020408 0.027144
0 0.519116 0.015625 0.022109 0.026042
0 0.158844 0.218281 0.054422 0.075521
0 0.481718 0.044922 0.021259 0.015156
0 0.611651 0.116621 0.071509 0.047491
0 0.629115 0.262511 0.065478 0.058047
0 0.627161 0.214169 0.056001 0.046174
0 0.627591 0.211720 0.055140 0.052770
0 0.627161 0.158971 0.011878 0.051451
0 0.558216 0.048151 0.024985 0.010141
0 0.521141 0.075198 0.011785 0.029024
0 0.515405 0.058707 0.018954 0.027704
0 0.169124 0.162269 0.011016 0.055409
0 0.145862 0.188654 0.027570 0.055409
0 0.192186 0.082454 0.012719 0.015620
0 0.161091 0.102902 0.011016 0.044855
0 0.419094 0.050112 0.014462 0.014101
0 0.444941 0.015620 0.014462 0.019578
