0 0.062075 0.719401 0.110544 0.147135
0 0.062500 0.650391 0.094388 0.128906
0 0.062500 0.580078 0.109694 0.147135
0 0.029337 0.557292 0.075680 0.109375
0 0.178997 0.609375 0.097789 0.153646
0 0.144133 0.502604 0.073980 0.098958
0 0.297619 0.485026 0.062925 0.097656
0 0.313776 0.394531 0.059524 0.080729
0 0.376276 0.410807 0.058673 0.079427
0 0.377551 0.339193 0.057823 0.063802
0 0.415816 0.357422 0.045918 0.074219
0 0.406463 0.288411 0.042517 0.066406
0 0.441327 0.316406 0.037415 0.078125
0 0.429422 0.228516 0.027211 0.061198
0 0.454507 0.257161 0.033163 0.066406
0 0.440901 0.181641 0.033163 0.058594
0 0.472364 0.171875 0.031463 0.044271
0 0.468112 0.224609 0.034864 0.048177
2 0.452381 0.108073 0.018707 0.044271
0 0.518707 0.026693 0.020408 0.027344
0 0.538265 0.015625 0.022109 0.026042
0 0.369898 0.219401 0.051020 0.071615
0 0.480867 0.046224 0.021259 0.035156
0 0.472942 0.107520 0.028431 0.038259
0 0.611653 0.316623 0.071509 0.047493
0 0.629315 0.262533 0.065478 0.058047
0 0.627161 0.234169 0.056001 0.046174
0 0.627591 0.213720 0.055140 0.052770
0 0.627161 0.158971 0.031878 0.051451
0 0.558236 0.048153 0.024985 0.030343
0 0.523343 0.075198 0.013785 0.029024
0 0.535405 0.058707 0.018954 0.027704
0 0.369124 0.162269 0.031016 0.055409
0 0.345862 0.188654 0.027570 0.055409
0 0.392386 0.082454 0.032739 0.035620
0 0.363093 0.102902 0.031016 0.044855
0 0.419094 0.050132 0.034462 0.034301
0 0.444941 0.035620 0.034462 0.039578
