0 0.062075 0.719401 0.110544 0.147115
0 0.062500 0.649089 0.094188 0.128906
0 0.062500 0.582011 0.114796 0.151646
0 0.010187 0.557292 0.075680 0.109175
0 0.178146 0.606771 0.097789 0.151646
0 0.144111 0.502604 0.071980 0.098958
0 0.297619 0.485026 0.062925 0.097656
0 0.108671 0.199740 0.059524 0.080729
0 0.175425 0.409505 0.058671 0.079427
0 0.177551 0.140495 0.057821 0.061802
0 0.414116 0.157422 0.045918 0.074219
0 0.406461 0.288411 0.042517 0.066406
0 0.441127 0.117708 0.017415 0.078125
0 0.410272 0.229818 0.027211 0.061198
0 0.454507 0.257161 0.011161 0.066406
0 0.440901 0.182941 0.011161 0.058594
0 0.471214 0.174479 0.011461 0.044271
0 0.467262 0.224609 0.014864 0.048177
2 0.451956 0.110677 0.019558 0.046875
0 0.518707 0.024089 0.020408 0.027144
0 0.518265 0.016927 0.022109 0.026042
0 0.179677 0.204427 0.048469 0.067708
0 0.480867 0.046224 0.021259 0.015156
0 0.466412 0.112610 0.028061 0.017760
0 0.611651 0.116621 0.071509 0.047491
0 0.629115 0.262511 0.065478 0.058047
0 0.627161 0.214169 0.056001 0.046174
0 0.627591 0.211720 0.055140 0.052770
0 0.627161 0.158971 0.011878 0.051451
0 0.558216 0.048151 0.024985 0.010141
0 0.521141 0.075198 0.011785 0.029024
0 0.515405 0.058707 0.018954 0.027704
0 0.169124 0.162269 0.011016 0.055409
0 0.145862 0.188654 0.027570 0.055409
0 0.192186 0.082454 0.012719 0.015620
0 0.161091 0.102902 0.011016 0.044855
0 0.419094 0.050112 0.014462 0.014101
0 0.444941 0.015620 0.014462 0.019578
