0 0.062075 0.719401 0.110544 0.147115
0 0.061650 0.649089 0.094188 0.128906
0 0.061650 0.582682 0.109694 0.147115
0 0.010187 0.555990 0.075680 0.109175
0 0.178146 0.608071 0.097789 0.151646
0 0.144111 0.501906 0.071980 0.098958
0 0.297619 0.481724 0.062925 0.097656
0 0.106122 0.402144 0.059524 0.080729
0 0.176276 0.412109 0.058671 0.079427
0 0.175850 0.140495 0.057821 0.061802
0 0.414116 0.157422 0.045918 0.074219
0 0.406461 0.288411 0.042517 0.066406
0 0.440051 0.117057 0.014864 0.074219
0 0.410272 0.229818 0.027211 0.061198
0 0.454507 0.257161 0.011161 0.066406
0 0.440901 0.184245 0.011161 0.058594
0 0.471214 0.174479 0.011461 0.044271
0 0.468112 0.225911 0.014864 0.048177
2 0.449810 0.118490 0.020408 0.049479
0 0.518707 0.025191 0.020408 0.027144
0 0.519966 0.016927 0.022109 0.026042
0 0.181929 0.190104 0.050170 0.070112
0 0.480442 0.046875 0.022109 0.016458
0 0.465561 0.116516 0.028061 0.017760
0 0.611651 0.116621 0.071509 0.047491
0 0.629115 0.262511 0.065478 0.058047
0 0.627161 0.214169 0.056001 0.046174
0 0.627591 0.211720 0.055140 0.052770
0 0.627161 0.158971 0.011878 0.051451
0 0.558216 0.048151 0.024985 0.010141
0 0.521141 0.075198 0.011785 0.029024
0 0.515405 0.058707 0.018954 0.027704
0 0.169124 0.162269 0.011016 0.055409
0 0.145862 0.188654 0.027570 0.055409
0 0.192186 0.082454 0.012719 0.015620
0 0.161091 0.102902 0.011016 0.044855
0 0.419094 0.050112 0.014462 0.014101
0 0.444941 0.015620 0.014462 0.019578
