0 0.062075 0.719401 0.110544 0.147115
0 0.062500 0.650191 0.094188 0.128906
0 0.062500 0.581180 0.109694 0.147115
0 0.010187 0.555990 0.075680 0.109175
0 0.178146 0.608071 0.097789 0.151646
0 0.141282 0.501102 0.071980 0.098958
0 0.294641 0.484175 0.065476 0.101562
0 0.241197 0.449870 0.071129 0.102865
0 0.170748 0.420571 0.061224 0.081111
0 0.118168 0.182907 0.068162 0.078114
0 0.415816 0.156120 0.045918 0.074219
0 0.197959 0.102714 0.042517 0.066406
0 0.441127 0.116406 0.017415 0.078125
0 0.428571 0.229167 0.027211 0.059896
0 0.454507 0.257161 0.011161 0.066406
0 0.440051 0.184245 0.011161 0.058594
0 0.472164 0.175781 0.011461 0.044271
0 0.467262 0.224609 0.014864 0.048177
2 0.456611 0.087240 0.020408 0.049479
0 0.518707 0.025191 0.020408 0.027144
0 0.518265 0.015625 0.022109 0.026042
0 0.441878 0.069661 0.027211 0.045571
0 0.478116 0.077474 0.022959 0.017760
0 0.446854 0.157552 0.029762 0.019062
0 0.481418 0.042969 0.024660 0.011250
0 0.501804 0.117201 0.041078 0.052770
0 0.611651 0.116621 0.071509 0.047491
0 0.629115 0.262511 0.065478 0.058047
0 0.627161 0.214169 0.056001 0.046174
0 0.627591 0.211720 0.055140 0.052770
0 0.627161 0.158971 0.011878 0.051451
0 0.558216 0.048151 0.024985 0.010141
0 0.521141 0.075198 0.011785 0.029024
0 0.515405 0.058707 0.018954 0.027704
0 0.169124 0.162269 0.011016 0.055409
0 0.145862 0.188654 0.027570 0.055409
0 0.192186 0.082454 0.012719 0.015620
0 0.161091 0.102902 0.011016 0.044855
0 0.419094 0.050112 0.014462 0.014101
0 0.444941 0.015620 0.014462 0.019578
