0 0.062075 0.719401 0.110544 0.147135
0 0.062500 0.649089 0.094388 0.128906
0 0.061650 0.581380 0.109694 0.147135
0 0.030187 0.555990 0.075680 0.109375
0 0.177296 0.606771 0.097789 0.153646
0 0.144133 0.502604 0.073980 0.098958
0 0.293793 0.484375 0.065476 0.101562
0 0.235544 0.453776 0.073129 0.102865
0 0.368197 0.422526 0.064626 0.087240
0 0.332483 0.386719 0.068027 0.078125
0 0.414966 0.357422 0.045918 0.074219
0 0.392857 0.309245 0.042517 0.066406
0 0.440476 0.316406 0.037415 0.078125
0 0.427296 0.235026 0.028061 0.063802
0 0.453656 0.258464 0.033163 0.066406
0 0.440901 0.186198 0.031463 0.054688
0 0.471514 0.175781 0.031463 0.044271
0 0.467262 0.224609 0.034864 0.048177
2 0.430697 0.160156 0.019558 0.046875
0 0.518707 0.024089 0.020408 0.027344
0 0.538265 0.016927 0.022109 0.026042
0 0.483844 0.096354 0.022109 0.036458
0 0.446854 0.160156 0.029762 0.039062
0 0.480017 0.048828 0.022959 0.029948
0 0.508078 0.160156 0.045068 0.054688
2 0.457908 0.087891 0.012755 0.035156
0 0.611653 0.316623 0.071509 0.047493
0 0.629315 0.262533 0.065478 0.058047
0 0.627161 0.234169 0.056001 0.046174
0 0.627591 0.213720 0.055140 0.052770
0 0.627161 0.158971 0.031878 0.051451
0 0.558236 0.048153 0.024985 0.030343
0 0.523343 0.075198 0.013785 0.029024
0 0.535405 0.058707 0.018954 0.027704
0 0.369124 0.162269 0.031016 0.055409
0 0.345862 0.188654 0.027570 0.055409
0 0.392386 0.082454 0.032739 0.035620
0 0.363093 0.102902 0.031016 0.044855
0 0.419094 0.050132 0.034462 0.034301
0 0.444941 0.035620 0.034462 0.039578
