0 0.061224 0.719401 0.110544 0.147135
0 0.062500 0.649089 0.094388 0.128906
0 0.061650 0.582682 0.109694 0.147135
0 0.028486 0.554688 0.075680 0.109375
0 0.176446 0.605469 0.097789 0.153646
0 0.144133 0.502604 0.073980 0.098958
0 0.294643 0.484375 0.065476 0.101562
0 0.235544 0.455078 0.073129 0.102865
0 0.363520 0.423177 0.067177 0.091146
0 0.325680 0.393880 0.071429 0.082031
0 0.412840 0.355469 0.043367 0.070312
0 0.381803 0.324870 0.044218 0.069010
0 0.440051 0.318359 0.034864 0.074219
0 0.420068 0.255859 0.028912 0.066406
0 0.454507 0.258464 0.033163 0.066406
0 0.438350 0.194010 0.031463 0.054688
0 0.471514 0.178385 0.031463 0.044271
0 0.468112 0.224609 0.034864 0.048177
2 0.428997 0.166016 0.021259 0.050781
0 0.518707 0.021484 0.020408 0.027344
0 0.537415 0.015625 0.022109 0.026042
0 0.506378 0.160156 0.026361 0.044271
0 0.445153 0.167969 0.029762 0.039062
0 0.474490 0.074870 0.028912 0.037760
0 0.516582 0.250000 0.056973 0.070312
2 0.455357 0.087240 0.012755 0.036458
0 0.481718 0.033854 0.024660 0.041667
0 0.486395 0.017578 0.023810 0.024740
0 0.611653 0.316623 0.071509 0.047493
0 0.629315 0.262533 0.065478 0.058047
0 0.627161 0.234169 0.056001 0.046174
0 0.627591 0.213720 0.055140 0.052770
0 0.627161 0.158971 0.031878 0.051451
0 0.558236 0.048153 0.024985 0.030343
0 0.523343 0.075198 0.013785 0.029024
0 0.535405 0.058707 0.018954 0.027704
0 0.369124 0.162269 0.031016 0.055409
0 0.345862 0.188654 0.027570 0.055409
0 0.392386 0.082454 0.032739 0.035620
0 0.363093 0.102902 0.031016 0.044855
0 0.419094 0.050132 0.034462 0.034301
0 0.444941 0.035620 0.034462 0.039578
