0 0.061224 0.720703 0.110544 0.147135
0 0.062500 0.646484 0.094388 0.128906
0 0.061650 0.582682 0.109694 0.147135
0 0.028486 0.555990 0.075680 0.109375
0 0.177296 0.604167 0.097789 0.153646
0 0.144133 0.502604 0.073980 0.098958
0 0.293793 0.484375 0.065476 0.101562
0 0.234694 0.455078 0.073129 0.102865
0 0.360119 0.428385 0.067177 0.091146
0 0.317177 0.400391 0.071429 0.082031
0 0.412840 0.354167 0.043367 0.070312
0 0.379252 0.328776 0.044218 0.069010
0 0.440051 0.317708 0.033163 0.070312
0 0.415816 0.263672 0.028912 0.066406
0 0.454507 0.257161 0.033163 0.066406
0 0.435374 0.201823 0.032313 0.057292
0 0.471514 0.178385 0.031463 0.044271
0 0.468112 0.224609 0.034864 0.048177
2 0.428571 0.167318 0.022109 0.053385
0 0.519558 0.022786 0.020408 0.027344
0 0.536565 0.015625 0.022109 0.026042
0 0.515731 0.208179 0.026361 0.068018
0 0.444728 0.171224 0.030612 0.040365
0 0.479167 0.092448 0.026361 0.033854
0 0.513605 0.319010 0.059524 0.072917
2 0.456207 0.088542 0.012755 0.036458
0 0.475340 0.042969 0.025510 0.044271
0 0.611653 0.316623 0.071509 0.047493
0 0.629315 0.262533 0.065478 0.058047
0 0.627161 0.234169 0.056001 0.046174
0 0.627591 0.213720 0.055140 0.052770
0 0.627161 0.158971 0.031878 0.051451
0 0.558236 0.048153 0.024985 0.030343
0 0.523343 0.075198 0.013785 0.029024
0 0.535405 0.058707 0.018954 0.027704
0 0.369124 0.162269 0.031016 0.055409
0 0.345862 0.188654 0.027570 0.055409
0 0.392386 0.082454 0.032739 0.035620
0 0.363093 0.102902 0.031016 0.044855
0 0.419094 0.050132 0.034462 0.034301
0 0.444941 0.035620 0.034462 0.039578
