0 0.062075 0.720701 0.110544 0.147115
0 0.062500 0.646484 0.094188 0.128906
0 0.061650 0.582682 0.109694 0.147115
0 0.028486 0.555990 0.075680 0.109175
0 0.177296 0.604167 0.097789 0.151646
0 0.144111 0.502604 0.071980 0.098958
0 0.292092 0.485677 0.065476 0.101562
0 0.214694 0.455078 0.071129 0.102865
0 0.159269 0.427081 0.067177 0.091146
0 0.116127 0.400191 0.071429 0.082011
0 0.411690 0.155469 0.041167 0.070112
0 0.178401 0.128776 0.044218 0.069010
0 0.419201 0.117708 0.011161 0.070112
0 0.415816 0.264974 0.028912 0.066406
0 0.454507 0.257161 0.011161 0.066406
0 0.415174 0.200521 0.012111 0.057292
0 0.471514 0.177081 0.011461 0.044271
0 0.468112 0.224609 0.014864 0.048177
2 0.427296 0.168620 0.022959 0.055990
0 0.519558 0.024089 0.020408 0.027144
0 0.517415 0.015625 0.022109 0.026042
0 0.515711 0.222656 0.026161 0.044271
0 0.441878 0.171224 0.010612 0.040165
0 0.480017 0.091750 0.028061 0.016458
0 0.511605 0.122917 0.059524 0.072917
2 0.456207 0.089844 0.012755 0.016458
0 0.476190 0.042969 0.025510 0.044271
0 0.611651 0.116621 0.071509 0.047491
0 0.629115 0.262511 0.065478 0.058047
0 0.627161 0.214169 0.056001 0.046174
0 0.627591 0.211720 0.055140 0.052770
0 0.627161 0.158971 0.011878 0.051451
0 0.558216 0.048151 0.024985 0.010141
0 0.521141 0.075198 0.011785 0.029024
0 0.515405 0.058707 0.018954 0.027704
0 0.169124 0.162269 0.011016 0.055409
0 0.145862 0.188654 0.027570 0.055409
0 0.192186 0.082454 0.012719 0.015620
0 0.161091 0.102902 0.011016 0.044855
0 0.419094 0.050112 0.014462 0.014101
0 0.444941 0.015620 0.014462 0.019578
