0 0.062075 0.720701 0.110544 0.147115
0 0.061650 0.647786 0.094188 0.128906
0 0.061650 0.581984 0.109694 0.147115
0 0.027616 0.555990 0.075680 0.109175
0 0.177296 0.604167 0.097789 0.151646
0 0.144111 0.502604 0.071980 0.098958
0 0.292092 0.486979 0.065476 0.101562
0 0.211844 0.451776 0.071129 0.102865
0 0.158844 0.427714 0.069728 0.095052
0 0.116127 0.402144 0.068027 0.078125
0 0.411690 0.155469 0.041167 0.070112
0 0.179252 0.128776 0.044218 0.069010
0 0.440051 0.119010 0.011161 0.070112
0 0.415816 0.266276 0.028912 0.066406
0 0.451656 0.258464 0.011161 0.066406
0 0.414524 0.201125 0.012111 0.057292
0 0.471514 0.178185 0.011461 0.044271
0 0.468961 0.225911 0.014864 0.048177
2 0.426446 0.168620 0.022959 0.055990
0 0.518707 0.022786 0.020408 0.027144
0 0.518265 0.016927 0.022109 0.026042
0 0.517412 0.218281 0.026161 0.044271
0 0.441878 0.171224 0.010612 0.040165
0 0.480017 0.097656 0.028061 0.016458
0 0.511054 0.119844 0.059524 0.072917
2 0.456207 0.088542 0.012755 0.016458
0 0.474065 0.046875 0.024660 0.041667
0 0.611651 0.116621 0.071509 0.047491
0 0.629115 0.262511 0.065478 0.058047
0 0.627161 0.214169 0.056001 0.046174
0 0.627591 0.211720 0.055140 0.052770
0 0.627161 0.158971 0.011878 0.051451
0 0.558216 0.048151 0.024985 0.010141
0 0.521141 0.075198 0.011785 0.029024
0 0.515405 0.058707 0.018954 0.027704
0 0.169124 0.162269 0.011016 0.055409
0 0.145862 0.188654 0.027570 0.055409
0 0.192186 0.082454 0.012719 0.015620
0 0.161091 0.102902 0.011016 0.044855
0 0.419094 0.050112 0.014462 0.014101
0 0.444941 0.015620 0.014462 0.019578
