0 0.060174 0.720701 0.110544 0.147115
0 0.062500 0.646484 0.094188 0.128906
0 0.062500 0.581180 0.109694 0.147115
0 0.028486 0.555990 0.075680 0.109175
0 0.175595 0.605469 0.097789 0.151646
0 0.144981 0.502604 0.071980 0.098958
0 0.290191 0.486979 0.065476 0.101562
0 0.214694 0.451776 0.071129 0.102865
0 0.155867 0.412941 0.071980 0.100260
0 0.112075 0.404297 0.071429 0.082011
0 0.411690 0.156771 0.041167 0.070112
0 0.177551 0.111180 0.044218 0.069010
0 0.419201 0.117708 0.011161 0.070112
0 0.414541 0.270182 0.028061 0.061802
0 0.451656 0.257161 0.011161 0.066406
0 0.410272 0.225260 0.012111 0.057292
0 0.471919 0.177714 0.012111 0.045571
0 0.468112 0.225911 0.014864 0.048177
2 0.421469 0.178185 0.025510 0.062500
0 0.518707 0.021484 0.020408 0.027144
0 0.517415 0.015625 0.022109 0.026042
0 0.498299 0.156771 0.019116 0.072917
0 0.441127 0.182941 0.010612 0.040165
0 0.497024 0.121698 0.026161 0.011854
0 0.461861 0.498047 0.068878 0.084615
2 0.456207 0.088542 0.012755 0.016458
0 0.472789 0.067057 0.027211 0.045571
0 0.489796 0.012552 0.021810 0.028646
0 0.611651 0.116621 0.071509 0.047491
0 0.629115 0.262511 0.065478 0.058047
0 0.627161 0.214169 0.056001 0.046174
0 0.627591 0.211720 0.055140 0.052770
0 0.627161 0.158971 0.011878 0.051451
0 0.558216 0.048151 0.024985 0.010141
0 0.521141 0.075198 0.011785 0.029024
0 0.515405 0.058707 0.018954 0.027704
0 0.169124 0.162269 0.011016 0.055409
0 0.145862 0.188654 0.027570 0.055409
0 0.192186 0.082454 0.012719 0.015620
0 0.161091 0.102902 0.011016 0.044855
0 0.419094 0.050112 0.014462 0.014101
0 0.444941 0.015620 0.014462 0.019578
