0 0.061224 0.720703 0.110544 0.147135
0 0.062500 0.649089 0.094388 0.128906
0 0.062500 0.583984 0.109694 0.147135
0 0.027636 0.554688 0.075680 0.109375
0 0.175595 0.604167 0.097789 0.153646
0 0.144983 0.501302 0.073980 0.098958
0 0.290391 0.485677 0.062075 0.096354
0 0.234694 0.456380 0.073129 0.102865
0 0.355867 0.431641 0.073980 0.100260
0 0.312925 0.404297 0.071429 0.082031
0 0.413690 0.355469 0.045068 0.072917
0 0.377551 0.331380 0.044218 0.069010
0 0.440051 0.318359 0.034864 0.074219
0 0.414116 0.271484 0.028912 0.066406
0 0.454507 0.257161 0.033163 0.066406
0 0.428571 0.225260 0.032313 0.057292
0 0.471939 0.177734 0.032313 0.045573
0 0.468112 0.224609 0.034864 0.048177
2 0.422619 0.180990 0.025510 0.062500
0 0.518707 0.024089 0.020408 0.027344
0 0.537415 0.015625 0.022109 0.026042
0 0.490646 0.381510 0.042517 0.080729
0 0.439626 0.184245 0.030612 0.040365
0 0.498238 0.123646 0.035838 0.041770
0 0.455357 0.529297 0.068878 0.084635
2 0.456207 0.087240 0.012755 0.036458
0 0.472789 0.070964 0.027211 0.045573
0 0.486820 0.035807 0.022959 0.027344
0 0.611653 0.316623 0.071509 0.047493
0 0.629315 0.262533 0.065478 0.058047
0 0.627161 0.234169 0.056001 0.046174
0 0.627591 0.213720 0.055140 0.052770
0 0.627161 0.158971 0.031878 0.051451
0 0.558236 0.048153 0.024985 0.030343
0 0.523343 0.075198 0.013785 0.029024
0 0.535405 0.058707 0.018954 0.027704
0 0.369124 0.162269 0.031016 0.055409
0 0.345862 0.188654 0.027570 0.055409
0 0.392386 0.082454 0.032739 0.035620
0 0.363093 0.102902 0.031016 0.044855
0 0.419094 0.050132 0.034462 0.034301
0 0.444941 0.035620 0.034462 0.039578
