0 0.060374 0.719401 0.110544 0.147135
0 0.060799 0.649089 0.094388 0.128906
0 0.062500 0.581380 0.109694 0.147135
0 0.027636 0.554688 0.075680 0.109375
0 0.177296 0.604167 0.097789 0.153646
0 0.144133 0.502604 0.073980 0.098958
0 0.291241 0.488281 0.065476 0.101562
0 0.233844 0.455078 0.073129 0.102865
0 0.355017 0.432943 0.073980 0.100260
0 0.312075 0.405599 0.071429 0.082031
0 0.413690 0.355469 0.045068 0.072917
0 0.375000 0.332682 0.045918 0.071615
0 0.439201 0.317708 0.033163 0.070312
0 0.414541 0.270182 0.028061 0.063802
0 0.454507 0.258464 0.033163 0.066406
0 0.427296 0.231771 0.031463 0.054688
0 0.471939 0.175130 0.032313 0.045573
0 0.468112 0.224609 0.034864 0.048177
2 0.420068 0.192708 0.025510 0.062500
0 0.518707 0.022786 0.020408 0.027344
0 0.538265 0.016927 0.022109 0.026042
0 0.441327 0.526042 0.057823 0.125000
0 0.436224 0.197266 0.030612 0.040365
0 0.528061 0.134115 0.040816 0.046875
0 0.437075 0.716300 0.085034 0.177393
2 0.457058 0.089193 0.012755 0.037760
0 0.484269 0.097656 0.022959 0.031250
0 0.477466 0.053385 0.026361 0.031250
0 0.692639 0.045515 0.033601 0.030343
0 0.611653 0.316623 0.071509 0.047493
0 0.629315 0.262533 0.065478 0.058047
0 0.627161 0.234169 0.056001 0.046174
0 0.627591 0.213720 0.055140 0.052770
0 0.627161 0.158971 0.031878 0.051451
0 0.558236 0.048153 0.024985 0.030343
0 0.523343 0.075198 0.013785 0.029024
0 0.535405 0.058707 0.018954 0.027704
0 0.369124 0.162269 0.031016 0.055409
0 0.345862 0.188654 0.027570 0.055409
0 0.392386 0.082454 0.032739 0.035620
0 0.363093 0.102902 0.031016 0.044855
0 0.419094 0.050132 0.034462 0.034301
0 0.444941 0.035620 0.034462 0.039578
