0 0.110000 0.486622 0.081158 0.061545
0 0.441579 0.468227 0.118947 0.066890
0 0.906842 0.517559 0.114717 0.081940
0 -0.008421 0.158696 0.084211 0.162207
0 0.012105 0.215786 0.014717 0.040114
0 0.056116 0.161880 0.041158 0.010100
0 0.110526 0.177258 0.011684 0.016789
0 0.097895 0.117960 0.029474 0.015117
0 0.295261 0.188961 0.057895 0.050167
1 0.086116 0.147826 0.015789 0.046821
2 0.085261 0.126921 0.014717 0.045151
0 0.881266 0.254180 0.061051 0.056856
0 0.991461 0.820106 0.068276 0.111111
0 0.991128 0.560847 0.041612 0.087102
