0 0.102105 0.474916 0.080000 0.060201
0 0.440526 0.468227 0.118947 0.066890
0 0.905789 0.519211 0.114717 0.081940
0 -0.012612 0.152007 0.084211 0.162207
0 0.014211 0.214114 0.014717 0.040114
0 0.056116 0.161880 0.041158 0.010100
0 0.110526 0.177258 0.011684 0.016789
0 0.097895 0.117960 0.029474 0.015117
0 0.296116 0.188961 0.057895 0.050167
1 0.084211 0.141117 0.015789 0.046821
2 0.081158 0.121906 0.014717 0.045151
0 0.895789 0.259197 0.061051 0.056856
0 0.916116 0.811545 0.121158 0.118729
0 0.991158 0.561017 0.078947 0.102007
