0 0.073684 0.424749 0.080000 0.060201
0 0.440526 0.468227 0.118947 0.066890
0 0.905789 0.519231 0.114737 0.081940
0 0.038947 0.223244 0.031579 0.035117
0 0.056316 0.163880 0.043158 0.030100
0 0.129474 0.178930 0.033684 0.036789
0 0.097895 0.139632 0.029474 0.035117
0 0.295263 0.187291 0.057895 0.050167
1 0.076842 0.316054 0.035789 0.046823
2 0.073158 0.295151 0.013684 0.041806
0 0.971053 0.571906 0.095789 0.123746
0 0.676316 0.816054 0.196842 0.140468
0 0.871579 0.248328 0.061053 0.031773
0 0.970643 0.295137 0.087368 0.063545
2 0.010200 0.285714 0.019151 0.050265
