0 0.072612 0.421405 0.080000 0.060201
0 0.441579 0.469900 0.118947 0.066890
0 0.906842 0.519211 0.114717 0.081940
0 0.040000 0.221572 0.011579 0.015117
0 0.056116 0.161880 0.041158 0.010100
0 0.111579 0.178910 0.011684 0.016789
0 0.097895 0.119612 0.029474 0.015117
0 0.295261 0.188961 0.057895 0.050167
1 0.075789 0.114181 0.015789 0.046821
2 0.072612 0.291478 0.014717 0.045151
0 0.970000 0.571906 0.095789 0.121746
0 0.641684 0.816054 0.196842 0.140468
0 0.878947 0.251672 0.061051 0.011771
0 0.976116 0.295987 0.087168 0.061545
2 0.011579 0.284281 0.018947 0.050167
