0 0.068421 0.411371 0.080000 0.060201
0 0.441579 0.469900 0.118947 0.066890
0 0.906842 0.519231 0.114737 0.081940
0 0.038947 0.221572 0.031579 0.035117
0 0.056316 0.163880 0.043158 0.030100
0 0.130526 0.178930 0.033684 0.036789
0 0.098947 0.139632 0.029474 0.035117
0 0.295263 0.187291 0.057895 0.050167
1 0.075789 0.309365 0.035789 0.046823
2 0.072105 0.286789 0.013684 0.041806
0 0.966842 0.571906 0.095789 0.123746
0 0.581579 0.811037 0.196842 0.140468
0 0.896316 0.255853 0.064211 0.033445
0 0.990000 0.301003 0.083158 0.060201
2 0.016316 0.285117 0.020000 0.051839
