0 0.067368 0.408027 0.080000 0.060201
0 0.441579 0.469900 0.118947 0.066890
0 0.905789 0.519231 0.114737 0.081940
0 0.038947 0.218227 0.031579 0.035117
0 0.056316 0.163880 0.043158 0.030100
0 0.129474 0.178930 0.033684 0.036789
0 0.097895 0.139632 0.029474 0.035117
0 0.295263 0.190635 0.057895 0.050167
1 0.073684 0.306020 0.035789 0.046823
2 0.072105 0.285953 0.013684 0.040134
0 0.966842 0.570234 0.095789 0.123746
0 0.552105 0.809365 0.196842 0.140468
0 0.901579 0.259197 0.064211 0.033445
0 0.999474 0.302676 0.083158 0.060201
2 0.019474 0.283445 0.020000 0.051839
0 0.990214 0.902116 0.095753 0.161376
