0 0.065261 0.401010 0.080000 0.060201
0 0.440526 0.469900 0.118947 0.066890
0 0.905789 0.519211 0.114717 0.081940
0 0.040000 0.216555 0.011579 0.015117
0 0.056116 0.161880 0.041158 0.010100
0 0.129474 0.178910 0.011684 0.016789
0 0.097895 0.119612 0.029474 0.015117
0 0.295261 0.188961 0.057895 0.050167
1 0.074717 0.101001 0.015789 0.046821
2 0.070526 0.281771 0.012612 0.018462
0 0.966842 0.571579 0.095789 0.121746
0 0.519474 0.809165 0.196842 0.140468
0 0.911051 0.262542 0.064211 0.011445
2 0.021579 0.285117 0.020000 0.051819
0 0.960526 0.898829 0.100000 0.168896
