0 0.061158 0.197991 0.080000 0.060201
0 0.440526 0.469900 0.118947 0.066890
0 0.905789 0.517559 0.114717 0.081940
0 0.040000 0.218227 0.011579 0.015117
0 0.056116 0.161880 0.041158 0.010100
0 0.110526 0.178910 0.011684 0.016789
0 0.097895 0.119612 0.029474 0.015117
0 0.295261 0.188961 0.057895 0.050167
1 0.072612 0.299111 0.015789 0.046821
2 0.070526 0.280100 0.012612 0.018462
0 0.965789 0.570214 0.095789 0.121746
0 0.492612 0.806020 0.187168 0.111779
0 0.916116 0.264214 0.064211 0.011445
2 0.021684 0.285117 0.020000 0.051819
0 0.945668 0.892857 0.141214 0.174601
