0 0.063158 0.396321 0.080000 0.060201
0 0.441579 0.469900 0.118947 0.066890
0 0.905789 0.519231 0.114737 0.081940
0 0.041053 0.216555 0.031579 0.035117
0 0.056316 0.163880 0.043158 0.030100
0 0.130526 0.178930 0.033684 0.036789
0 0.097895 0.139632 0.029474 0.035117
0 0.295263 0.188963 0.057895 0.050167
1 0.073684 0.297659 0.035789 0.046823
2 0.070000 0.280936 0.011579 0.036789
0 0.966842 0.573579 0.095789 0.123746
0 0.488421 0.804348 0.187368 0.133779
0 0.916316 0.265886 0.064211 0.033445
2 0.024737 0.283445 0.020000 0.051839
0 0.945263 0.891304 0.143158 0.173913
