0 0.062105 0.194649 0.080000 0.060201
0 0.441579 0.469900 0.118947 0.066890
0 0.905789 0.519211 0.114717 0.081940
0 0.040000 0.216555 0.011579 0.015117
0 0.056116 0.161880 0.041158 0.010100
0 0.110526 0.178910 0.011684 0.016789
0 0.097895 0.119612 0.029474 0.015117
0 0.295261 0.188961 0.057895 0.050167
1 0.071684 0.297659 0.015789 0.046821
2 0.070000 0.277592 0.011579 0.016789
0 0.966842 0.571579 0.095789 0.121746
0 0.461051 0.802676 0.187168 0.111779
0 0.925789 0.268195 0.068421 0.015117
2 0.026842 0.281445 0.020000 0.051819
0 0.909474 0.891104 0.141158 0.171911
