0 0.060000 0.184615 0.080000 0.060201
0 0.441579 0.469900 0.118947 0.066890
0 0.905789 0.519211 0.114717 0.081940
0 0.040000 0.214881 0.011579 0.015117
0 0.056116 0.161880 0.041158 0.010100
0 0.129474 0.178910 0.011684 0.016789
0 0.098947 0.119612 0.029474 0.015117
0 0.296116 0.187291 0.057895 0.050167
1 0.072612 0.292642 0.015789 0.046821
2 0.069474 0.275084 0.012612 0.018462
0 0.966842 0.571579 0.095789 0.121746
0 0.401579 0.799111 0.196842 0.140468
2 0.012105 0.281445 0.020000 0.051819
0 0.941921 0.276455 0.064111 0.047619
0 0.885101 0.894841 0.250624 0.194444
