0 0.057895 0.377926 0.080000 0.060201
0 0.440526 0.469900 0.118947 0.066890
0 0.905789 0.519231 0.114737 0.081940
0 0.042105 0.213211 0.031579 0.035117
0 0.056316 0.163880 0.043158 0.030100
0 0.130526 0.177258 0.033684 0.036789
0 0.098947 0.139632 0.029474 0.035117
0 0.296316 0.188963 0.057895 0.050167
1 0.070526 0.289298 0.035789 0.046823
2 0.068947 0.269231 0.013684 0.040134
0 0.965789 0.571906 0.095789 0.123746
0 0.341053 0.795987 0.187368 0.133779
2 0.036316 0.283445 0.020000 0.051839
0 0.954211 0.281773 0.066316 0.048495
0 0.809474 0.889632 0.250526 0.193980
0 0.016316 0.480769 0.078947 0.055184
