0 0.055789 0.174582 0.080000 0.060201
0 0.440526 0.469900 0.118947 0.066890
0 0.905789 0.517559 0.114717 0.081940
0 0.041579 0.211518 0.028421 0.011771
0 0.055261 0.161880 0.041158 0.010100
0 0.110526 0.177258 0.011684 0.016789
0 0.098947 0.119612 0.029474 0.015117
0 0.296116 0.188961 0.057895 0.050167
1 0.070526 0.285951 0.015789 0.046821
2 0.068947 0.267559 0.011684 0.040114
0 0.965789 0.570214 0.095789 0.121746
0 0.112874 0.790146 0.196842 0.140468
2 0.018947 0.282609 0.018947 0.050167
0 0.961158 0.285951 0.061158 0.046821
0 0.022105 0.471244 0.082105 0.056856
0 0.794128 0.888228 0.278101 0.202181
