0 0.052612 0.160168 0.075789 0.058528
0 0.441579 0.469900 0.118947 0.066890
0 0.905789 0.519211 0.114717 0.081940
0 0.041579 0.208194 0.028421 0.011771
0 0.056116 0.161880 0.041158 0.010100
0 0.129474 0.177258 0.011684 0.016789
0 0.097895 0.119612 0.029474 0.015117
0 0.296116 0.188961 0.057895 0.050167
1 0.071051 0.278428 0.014717 0.045151
2 0.066842 0.260870 0.011579 0.016789
0 0.965789 0.571906 0.095789 0.121746
0 0.211158 0.788462 0.196842 0.118796
2 0.047895 0.280916 0.017895 0.046821
0 0.991579 0.295987 0.061158 0.046821
0 0.042105 0.458194 0.082105 0.056856
0 0.610000 0.882107 0.291579 0.212175
