0 0.052612 0.157021 0.071579 0.055184
0 0.441579 0.469900 0.118947 0.066890
0 0.905789 0.517559 0.114717 0.081940
0 0.040526 0.206522 0.028421 0.011771
0 0.056116 0.161880 0.041158 0.010100
0 0.129474 0.177258 0.011684 0.016789
0 0.097895 0.119612 0.029474 0.015117
0 0.296116 0.188961 0.057895 0.050167
1 0.070000 0.276756 0.014717 0.045151
2 0.066842 0.259197 0.011579 0.016789
0 0.966842 0.571906 0.095789 0.121746
0 0.181579 0.786789 0.196842 0.118796
2 0.050000 0.280916 0.017895 0.046821
0 0.995789 0.297659 0.061158 0.046821
0 0.044211 0.454849 0.082105 0.056856
0 0.588947 0.880415 0.291579 0.212175
