0 0.051053 0.348662 0.068421 0.051839
0 0.440526 0.469900 0.118947 0.066890
0 0.905789 0.519231 0.114737 0.081940
0 0.040526 0.207358 0.030526 0.033445
0 0.056316 0.165552 0.043158 0.030100
0 0.130526 0.177258 0.033684 0.036789
0 0.097895 0.139632 0.029474 0.035117
0 0.296316 0.188963 0.057895 0.050167
1 0.070000 0.271739 0.034737 0.045151
2 0.065789 0.255017 0.011579 0.035117
0 0.966842 0.571906 0.095789 0.123746
0 0.117895 0.785117 0.187368 0.132107
2 0.053158 0.280936 0.017895 0.046823
0 0.043158 0.453177 0.086316 0.060201
0 0.499474 0.880435 0.291579 0.212375
0 0.980222 0.816138 0.075770 0.097884
