0 0.048947 0.141645 0.068421 0.051819
0 0.440526 0.468227 0.118947 0.066890
0 0.905789 0.517559 0.114717 0.081940
0 0.040526 0.206522 0.028421 0.011771
0 0.056116 0.165552 0.041158 0.010100
0 0.110526 0.177258 0.011684 0.016789
0 0.097895 0.119612 0.029474 0.015117
0 0.296116 0.190615 0.057895 0.050167
1 0.068947 0.268195 0.014717 0.045151
2 0.065261 0.252508 0.010526 0.011445
0 0.966842 0.570214 0.095789 0.121746
0 0.052105 0.786789 0.196842 0.118796
2 0.058421 0.279264 0.017895 0.046821
0 0.051579 0.441144 0.082105 0.056856
0 0.406842 0.877090 0.291579 0.212175
0 0.915261 0.818562 0.078947 0.102007
