0 0.048947 0.140101 0.068421 0.051819
0 0.441579 0.469900 0.118947 0.066890
0 0.905789 0.519211 0.114717 0.081940
0 0.040526 0.204849 0.028421 0.011771
0 0.056116 0.165552 0.041158 0.010100
0 0.110526 0.177258 0.011684 0.016789
0 0.098947 0.119612 0.029474 0.015117
0 0.296116 0.190615 0.057895 0.050167
1 0.066842 0.266722 0.014717 0.045151
2 0.064717 0.251672 0.011579 0.015117
0 0.965789 0.571906 0.095789 0.121746
0 0.025261 0.785117 0.187168 0.112107
2 0.060526 0.277592 0.017895 0.046821
0 0.051684 0.419799 0.082105 0.056856
0 0.162612 0.875418 0.106116 0.222408
0 0.940255 0.810847 0.140716 0.111757
2 0.175062 0.265212 0.014155 0.015714
