0 0.048421 0.336120 0.065263 0.050167
0 0.441579 0.468227 0.118947 0.066890
0 0.905789 0.519231 0.114737 0.081940
0 0.040526 0.201505 0.028421 0.031773
0 0.057368 0.163880 0.043158 0.030100
0 0.130526 0.177258 0.033684 0.036789
0 0.098947 0.139632 0.029474 0.035117
0 0.296316 0.188963 0.057895 0.050167
1 0.065789 0.265050 0.034737 0.045151
2 0.064211 0.245819 0.010526 0.033445
0 0.965789 0.570234 0.095789 0.123746
2 0.063684 0.279264 0.017895 0.046823
0 0.063158 0.429766 0.082105 0.056856
0 0.266842 0.880435 0.306316 0.222408
0 0.909448 0.814153 0.180682 0.125661
2 0.170482 0.260582 0.014987 0.047619
