0 0.048421 0.114448 0.065261 0.050167
0 0.441579 0.468227 0.118947 0.066890
0 0.905789 0.517559 0.114717 0.081940
0 0.018421 0.204011 0.010526 0.011445
0 0.057168 0.161880 0.041158 0.010100
0 0.129474 0.177258 0.011684 0.016789
0 0.098947 0.119612 0.029474 0.015117
0 0.297168 0.188961 0.057895 0.050167
1 0.066842 0.261178 0.014717 0.045151
2 0.064211 0.245819 0.010526 0.011445
0 0.965789 0.571906 0.095789 0.121746
2 0.065789 0.277592 0.017895 0.046821
0 0.062105 0.429766 0.082105 0.056856
0 0.267895 0.881779 0.291579 0.212175
0 0.908947 0.811545 0.180000 0.125418
2 0.169474 0.259197 0.014717 0.046821
