0 0.048421 0.114448 0.065261 0.050167
0 0.441579 0.468227 0.118947 0.066890
0 0.905789 0.517559 0.114717 0.081940
0 0.019474 0.202141 0.010526 0.011445
0 0.057168 0.161880 0.041158 0.010100
0 0.129474 0.177258 0.011684 0.016789
0 0.097895 0.119612 0.029474 0.015117
0 0.295261 0.188961 0.057895 0.050167
1 0.067168 0.262542 0.015789 0.046821
2 0.061684 0.246656 0.011579 0.015117
0 0.966842 0.571906 0.095789 0.121746
2 0.066116 0.279264 0.018947 0.050167
0 0.064211 0.426421 0.082105 0.056856
0 0.219474 0.881779 0.291579 0.212175
0 0.881684 0.811545 0.180000 0.125418
2 0.168421 0.259197 0.014717 0.046821
