0 0.046116 0.129411 0.065261 0.050167
0 0.440526 0.468227 0.118947 0.066890
0 0.904717 0.519211 0.114717 0.081940
0 0.018421 0.198997 0.010526 0.011445
0 0.057168 0.161880 0.041158 0.010100
0 0.110526 0.177258 0.011684 0.016789
0 0.097895 0.119612 0.029474 0.015117
0 0.296116 0.187291 0.057895 0.050167
1 0.067168 0.264214 0.015789 0.046821
2 0.062612 0.241111 0.011579 0.015117
0 0.966842 0.570214 0.095789 0.121746
2 0.070526 0.277592 0.018947 0.050167
0 0.069474 0.419712 0.082105 0.056856
0 0.125789 0.881779 0.291579 0.212175
0 0.828947 0.810201 0.180000 0.125418
2 0.165261 0.257525 0.014717 0.046821
