0 0.046116 0.126087 0.065261 0.050167
0 0.441579 0.468227 0.118947 0.066890
0 0.904717 0.519211 0.114717 0.081940
0 0.017168 0.199811 0.028421 0.011771
0 0.057168 0.161880 0.041158 0.010100
0 0.110526 0.175585 0.011684 0.016789
0 0.097895 0.119612 0.029474 0.015117
0 0.296116 0.188961 0.057895 0.050167
1 0.069474 0.265050 0.017895 0.048495
2 0.061051 0.242475 0.010526 0.011445
0 0.965789 0.571906 0.095789 0.121746
2 0.072612 0.275920 0.018947 0.050167
0 0.069474 0.414716 0.082105 0.056856
0 0.080526 0.882107 0.291579 0.212175
0 0.802612 0.808528 0.180000 0.125418
2 0.162105 0.258161 0.014717 0.048495
