0 0.045261 0.119198 0.065261 0.050167
0 0.441579 0.468227 0.118947 0.066890
0 0.904717 0.519211 0.114717 0.081940
0 0.016116 0.199811 0.028421 0.011771
0 0.057168 0.161880 0.041158 0.010100
0 0.110526 0.176421 0.015789 0.018462
0 0.098947 0.119612 0.029474 0.015117
0 0.295261 0.188961 0.057895 0.050167
1 0.062612 0.256689 0.016842 0.048495
2 0.060000 0.219110 0.010526 0.011445
0 0.965789 0.571906 0.095789 0.121746
2 0.077895 0.277592 0.018947 0.050167
0 -0.021684 0.880415 0.291579 0.212175
0 0.746842 0.801512 0.180000 0.125418
2 0.158421 0.258161 0.011684 0.045151
0 0.068901 0.412698 0.059950 0.071429
