0 0.045261 0.116054 0.065261 0.050167
0 0.441579 0.468227 0.118947 0.066890
0 0.905789 0.519211 0.114717 0.081940
0 0.016116 0.199811 0.028421 0.011771
0 0.056116 0.161880 0.041158 0.010100
0 0.110526 0.178094 0.015789 0.018462
0 0.098947 0.119612 0.029474 0.015117
0 0.295261 0.188961 0.057895 0.050167
1 0.062612 0.255017 0.016842 0.048495
2 0.060000 0.215786 0.010526 0.011445
0 0.965789 0.570214 0.095789 0.121746
2 0.080000 0.275920 0.018947 0.050167
0 0.719474 0.800167 0.180000 0.125418
2 0.156116 0.260011 0.011684 0.045151
0 0.068947 0.409699 0.062105 0.071579
