0 0.044717 0.111017 0.062105 0.046821
0 0.441579 0.468227 0.118947 0.066890
0 0.905789 0.517559 0.114717 0.081940
0 0.014717 0.195652 0.027168 0.010100
0 0.056116 0.161880 0.041158 0.010100
0 0.110526 0.177258 0.011684 0.016789
0 0.097895 0.119612 0.029474 0.015117
0 0.295261 0.190615 0.057895 0.050167
1 0.061579 0.258161 0.016842 0.048495
2 0.057895 0.214114 0.010526 0.011445
0 0.966842 0.571579 0.095789 0.121746
2 0.081158 0.275920 0.018947 0.050167
0 0.665789 0.795151 0.180000 0.125418
2 0.154211 0.258161 0.011684 0.045151
0 0.069474 0.401846 0.065261 0.078595
