0 0.043158 0.305184 0.058947 0.045151
0 0.441579 0.468227 0.118947 0.066890
0 0.904737 0.517559 0.114737 0.081940
0 0.033158 0.194816 0.026316 0.028428
0 0.056316 0.163880 0.043158 0.030100
0 0.131579 0.175585 0.033684 0.036789
0 0.097895 0.139632 0.029474 0.035117
0 0.296316 0.188963 0.057895 0.050167
1 0.060526 0.260033 0.036842 0.048495
2 0.055789 0.229097 0.010526 0.033445
0 0.965789 0.571906 0.095789 0.123746
2 0.088947 0.272575 0.022105 0.056856
0 0.582632 0.783445 0.171579 0.118729
2 0.148421 0.255853 0.014737 0.046823
0 0.075263 0.391304 0.062105 0.073579
