0 0.041158 0.295987 0.056842 0.041478
0 0.441579 0.468227 0.118947 0.066890
0 0.904717 0.519211 0.114717 0.081940
0 0.029474 0.194816 0.025261 0.028428
0 0.056116 0.161880 0.041158 0.010100
0 0.110526 0.177258 0.011684 0.016789
0 0.098947 0.141104 0.029474 0.015117
0 0.296116 0.188961 0.057895 0.050167
1 0.057168 0.256689 0.016842 0.048495
2 0.054717 0.224916 0.010526 0.011771
0 0.965789 0.571906 0.095789 0.121746
2 0.096116 0.272575 0.022105 0.056856
0 0.477168 0.774247 0.161158 0.111712
2 0.144211 0.255017 0.014717 0.048495
0 0.077168 0.177926 0.062105 0.071579
