0 0.041158 0.294114 0.056842 0.041478
0 0.441579 0.468227 0.118947 0.066890
0 0.905789 0.519211 0.114717 0.081940
0 0.056116 0.161880 0.041158 0.010100
0 0.110526 0.177258 0.011684 0.016789
0 0.098947 0.141104 0.029474 0.015117
0 0.296116 0.188961 0.057895 0.050167
1 0.057168 0.256689 0.016842 0.048495
2 0.054717 0.224916 0.010526 0.011771
0 0.967895 0.571906 0.095789 0.121746
2 0.096842 0.271411 0.021051 0.055184
0 0.489418 0.775570 0.161158 0.111712
2 0.141158 0.255017 0.014717 0.048495
0 0.077895 0.176254 0.058947 0.070214
