0 0.042105 0.280916 0.056842 0.041478
0 0.441579 0.468227 0.118947 0.066890
0 0.905789 0.519211 0.114717 0.081940
0 0.056116 0.161880 0.041158 0.010100
0 0.129474 0.177258 0.011684 0.016789
0 0.097895 0.141104 0.029474 0.015117
0 0.295261 0.188961 0.057895 0.050167
1 0.055261 0.251672 0.016842 0.048495
2 0.052612 0.222408 0.010526 0.011445
0 0.965789 0.571906 0.095789 0.121746
2 0.109474 0.271411 0.021051 0.055184
0 0.125789 0.762542 0.161158 0.111712
2 0.114717 0.255017 0.014717 0.048495
0 0.079474 0.161204 0.051684 0.061545
0 0.044211 0.445652 0.084211 0.068562
0 0.016116 0.191144 0.014717 0.018462
