0 0.042105 0.277592 0.056842 0.043478
0 0.441579 0.468227 0.118947 0.066890
0 0.904737 0.517559 0.114737 0.081940
0 0.056316 0.164716 0.045263 0.031773
0 0.131579 0.175585 0.033684 0.036789
0 0.098947 0.141304 0.029474 0.035117
0 0.296316 0.187291 0.057895 0.050167
1 0.055263 0.246656 0.036842 0.048495
2 0.050526 0.217391 0.010526 0.033445
0 0.966842 0.571906 0.095789 0.123746
2 0.114211 0.269231 0.022105 0.056856
0 0.268421 0.761706 0.170526 0.118729
2 0.131579 0.253344 0.014737 0.048495
0 0.082105 0.352843 0.056842 0.066890
0 0.042027 0.442582 0.084211 0.068562
0 0.014211 0.193144 0.034737 0.038462
