0 0.041051 0.275920 0.056842 0.041478
0 0.441579 0.468227 0.118947 0.066890
0 0.905789 0.519211 0.114717 0.081940
0 0.056116 0.161880 0.041158 0.010100
0 0.110526 0.175585 0.011684 0.016789
0 0.098947 0.119612 0.029474 0.015117
0 0.296116 0.190615 0.057895 0.050167
1 0.051158 0.248128 0.016842 0.048495
2 0.051579 0.219064 0.010526 0.011445
0 0.966842 0.570214 0.095789 0.121746
2 0.111684 0.270067 0.021051 0.055184
0 0.267168 0.761706 0.170526 0.118729
2 0.111579 0.255851 0.014717 0.046821
0 0.081158 0.152841 0.056842 0.066890
0 0.041051 0.442108 0.084211 0.068562
0 0.014211 0.194816 0.014717 0.018462
