0 0.041051 0.272575 0.056842 0.041478
0 0.441579 0.468227 0.118947 0.066890
0 0.904717 0.519211 0.114717 0.081940
0 0.056116 0.161880 0.041158 0.010100
0 0.110526 0.176421 0.015789 0.018462
0 0.097895 0.119612 0.029474 0.015117
0 0.296116 0.188961 0.057895 0.050167
1 0.054211 0.244981 0.014717 0.045151
2 0.050526 0.217191 0.010526 0.011445
0 0.965789 0.570214 0.095789 0.121746
2 0.115789 0.270067 0.021051 0.055184
0 0.211579 0.760011 0.170526 0.118729
2 0.110526 0.254181 0.014717 0.046821
0 0.082612 0.147826 0.051684 0.061545
0 0.049474 0.411946 0.084211 0.068562
0 0.011051 0.191144 0.014717 0.018462
0 0.018110 0.177646 0.011105 0.059524
