0 0.041053 0.267559 0.056842 0.043478
0 0.441579 0.468227 0.118947 0.066890
0 0.905789 0.519231 0.114737 0.081940
0 0.056316 0.163880 0.043158 0.030100
0 0.130526 0.178094 0.035789 0.038462
0 0.097895 0.141304 0.029474 0.035117
0 0.296316 0.188963 0.057895 0.050167
1 0.052632 0.242475 0.033684 0.043478
2 0.049474 0.214883 0.010526 0.031773
0 0.966842 0.573579 0.095789 0.123746
2 0.117368 0.270067 0.020000 0.051839
0 0.180000 0.758361 0.170526 0.118729
2 0.128421 0.252508 0.014737 0.046823
0 0.081579 0.346154 0.053684 0.063545
0 0.052632 0.432274 0.084211 0.068562
0 0.010000 0.192308 0.032632 0.036789
0 0.018421 0.373746 0.032632 0.058528
