0 0.041053 0.262542 0.056842 0.043478
0 0.439474 0.468227 0.118947 0.066890
0 0.905789 0.519231 0.114737 0.081940
0 0.055263 0.162207 0.043158 0.030100
0 0.129474 0.178094 0.035789 0.038462
0 0.096842 0.139632 0.029474 0.035117
0 0.294211 0.187291 0.057895 0.050167
1 0.050526 0.240803 0.033684 0.043478
2 0.047368 0.213211 0.010526 0.031773
0 0.965789 0.570234 0.095789 0.123746
2 0.118421 0.270067 0.020000 0.051839
0 0.122105 0.755017 0.170526 0.118729
2 0.125263 0.254181 0.014737 0.046823
0 0.082632 0.339465 0.053684 0.063545
0 0.060000 0.422241 0.084211 0.068562
0 0.006842 0.192308 0.032632 0.036789
0 0.017368 0.370401 0.032632 0.058528
