0 0.041053 0.262542 0.056842 0.043478
0 0.441579 0.466555 0.118947 0.066890
0 0.904737 0.519231 0.114737 0.081940
0 0.055263 0.162207 0.043158 0.030100
0 0.130526 0.178094 0.035789 0.038462
0 0.096842 0.139632 0.029474 0.035117
0 0.295263 0.187291 0.057895 0.050167
1 0.051579 0.239130 0.033684 0.043478
2 0.047368 0.209866 0.010526 0.031773
0 0.965789 0.570234 0.095789 0.123746
2 0.121053 0.268395 0.018947 0.048495
0 0.091579 0.755017 0.170526 0.118729
2 0.123158 0.254181 0.014737 0.046823
0 0.080526 0.339465 0.053684 0.063545
0 0.064211 0.420569 0.080000 0.065217
0 0.005789 0.192308 0.032632 0.036789
0 0.018421 0.368729 0.032632 0.058528
