0 0.040000 0.259197 0.056842 0.041478
0 0.441579 0.466555 0.118947 0.066890
0 0.904717 0.519211 0.114717 0.081940
0 0.055261 0.162207 0.041158 0.010100
0 0.128421 0.178094 0.015789 0.018462
0 0.096842 0.119612 0.029474 0.015117
0 0.295261 0.187291 0.057895 0.050167
1 0.050526 0.215786 0.011684 0.041478
2 0.047168 0.208194 0.010526 0.011771
0 0.965789 0.570214 0.095789 0.121746
2 0.121579 0.269211 0.017895 0.046821
0 0.061051 0.755017 0.170526 0.118729
2 0.121158 0.256689 0.014717 0.048495
0 0.081579 0.116120 0.051684 0.061545
0 0.066116 0.417224 0.080000 0.065217
0 0.004717 0.192108 0.012612 0.016789
0 0.018526 0.165741 0.014118 0.062169
