0 0.041053 0.257525 0.056842 0.043478
0 0.441579 0.466555 0.118947 0.066890
0 0.904737 0.519231 0.114737 0.081940
0 0.055263 0.162207 0.043158 0.030100
0 0.128421 0.178094 0.035789 0.038462
0 0.097895 0.139632 0.029474 0.035117
0 0.295263 0.185619 0.057895 0.050167
1 0.048421 0.234114 0.031579 0.040134
2 0.045789 0.207358 0.011579 0.033445
0 0.965789 0.570234 0.095789 0.123746
0 0.032632 0.756689 0.170526 0.118729
2 0.123684 0.259197 0.015789 0.050167
0 0.081579 0.334448 0.053684 0.063545
0 0.068421 0.413880 0.080000 0.065217
0 0.004737 0.190635 0.032632 0.036789
0 0.018947 0.362040 0.033684 0.061873
2 0.943586 0.298280 0.014155 0.038360
1 0.943586 0.308201 0.037469 0.037037
