0 0.041053 0.255853 0.056842 0.043478
0 0.441579 0.466555 0.118947 0.066890
0 0.904737 0.519231 0.114737 0.081940
0 0.056316 0.160535 0.045263 0.030100
0 0.128421 0.178094 0.035789 0.038462
0 0.097895 0.139632 0.029474 0.035117
0 0.295263 0.185619 0.057895 0.050167
1 0.048421 0.235786 0.031579 0.040134
2 0.046316 0.208194 0.010526 0.031773
0 0.965789 0.570234 0.095789 0.123746
0 -0.001053 0.756689 0.170526 0.118729
2 0.125263 0.257525 0.016842 0.053512
0 0.081579 0.332776 0.053684 0.063545
0 0.069474 0.410535 0.075789 0.061873
0 0.004737 0.192308 0.032632 0.036789
2 0.947895 0.299331 0.013684 0.036789
1 0.948947 0.306856 0.034737 0.035117
0 0.018942 0.359788 0.038301 0.079365
