0 0.041051 0.254181 0.056842 0.041478
0 0.440526 0.466555 0.118947 0.066890
0 0.904717 0.519211 0.114717 0.081940
0 0.056116 0.162207 0.041158 0.010100
0 0.129474 0.178094 0.015789 0.018462
0 0.097895 0.119612 0.029474 0.015117
0 0.295261 0.185619 0.057895 0.050167
1 0.049474 0.212441 0.011579 0.040114
2 0.046116 0.206522 0.010526 0.011771
0 0.965789 0.571906 0.095789 0.121746
0 -0.029474 0.755017 0.162105 0.112040
2 0.127168 0.257525 0.016842 0.051512
0 0.081579 0.129411 0.051684 0.061545
0 0.070526 0.405518 0.075789 0.061871
2 0.952105 0.102676 0.011684 0.016789
1 0.954211 0.111017 0.016842 0.016789
0 0.018947 0.157021 0.017895 0.078595
