0 0.041051 0.250816 0.056842 0.041478
0 0.440526 0.466555 0.118947 0.066890
0 0.904717 0.519211 0.114717 0.081940
0 0.056116 0.162207 0.041158 0.010100
0 0.129474 0.178094 0.015789 0.018462
0 0.097895 0.117960 0.029474 0.015117
0 0.295261 0.185619 0.057895 0.050167
1 0.048421 0.210769 0.011579 0.040114
2 0.045261 0.204849 0.010526 0.011771
0 0.964717 0.571906 0.095789 0.121746
2 0.127168 0.257525 0.016842 0.051512
0 0.081579 0.126087 0.051684 0.061545
0 0.071684 0.401846 0.075789 0.061871
2 0.956842 0.105184 0.012612 0.015117
1 0.957168 0.112709 0.016842 0.016789
0 0.018947 0.151679 0.017895 0.078595
