0 0.042105 0.249164 0.056842 0.041478
0 0.440526 0.466555 0.118947 0.066890
0 0.904717 0.519211 0.114717 0.081940
0 0.056116 0.162207 0.041158 0.010100
0 0.129474 0.174749 0.015789 0.018462
0 0.097895 0.117960 0.029474 0.015117
0 0.295261 0.185619 0.057895 0.050167
1 0.047168 0.210769 0.011579 0.040114
2 0.044211 0.204849 0.010526 0.011771
0 0.964717 0.571906 0.095789 0.121746
2 0.127895 0.260011 0.017895 0.058528
0 0.081051 0.124415 0.050526 0.060201
0 0.075261 0.198829 0.072612 0.058528
2 0.962612 0.107692 0.011684 0.016789
1 0.962612 0.116054 0.016842 0.016789
0 0.019474 0.148662 0.018947 0.081940
