0 0.041051 0.247492 0.056842 0.041478
0 0.440526 0.468227 0.118947 0.066890
0 0.904717 0.519211 0.114717 0.081940
0 0.056116 0.160515 0.041158 0.010100
0 0.129474 0.174749 0.015789 0.018462
0 0.097895 0.117960 0.029474 0.015117
0 0.295261 0.185619 0.057895 0.050167
1 0.047168 0.229097 0.011579 0.040114
2 0.041158 0.206522 0.010526 0.011771
0 0.965789 0.571906 0.095789 0.121746
0 0.080000 0.121070 0.050526 0.060201
0 0.075261 0.191811 0.072612 0.058528
2 0.966842 0.111017 0.011684 0.016789
1 0.966842 0.119198 0.016842 0.016789
0 0.021051 0.145118 0.017895 0.078595
2 0.115512 0.261228 0.011122 0.050265
