0 0.041051 0.245819 0.056842 0.041478
0 0.440526 0.468227 0.118947 0.066890
0 0.904717 0.519211 0.114717 0.081940
0 0.056116 0.160515 0.041158 0.010100
0 0.129474 0.176421 0.015789 0.018462
0 0.097895 0.117960 0.029474 0.015117
0 0.295261 0.185619 0.057895 0.050167
1 0.047168 0.227425 0.011579 0.040114
2 0.041158 0.206522 0.010526 0.011771
0 0.965789 0.571906 0.095789 0.121746
0 0.081051 0.121070 0.050526 0.060201
0 0.077168 0.192140 0.072612 0.058528
2 0.971579 0.112709 0.014717 0.040114
1 0.972105 0.119198 0.016842 0.016789
0 0.022105 0.141645 0.017895 0.078595
2 0.117168 0.261706 0.011684 0.051819
