0 0.041579 0.217458 0.051684 0.040114
0 0.419474 0.468227 0.118947 0.066890
0 0.905789 0.520901 0.114717 0.081940
0 0.056116 0.160515 0.041158 0.010100
0 0.129474 0.176421 0.015789 0.018462
0 0.096842 0.117960 0.029474 0.015117
0 0.295261 0.181946 0.057895 0.050167
1 0.041051 0.220716 0.011579 0.040114
2 0.017895 0.199811 0.010526 0.011771
0 0.965789 0.571906 0.095789 0.121746
0 0.081051 0.111017 0.050526 0.060201
0 0.085789 0.177090 0.072612 0.058528
2 0.991684 0.122742 0.014717 0.040114
1 0.991684 0.112776 0.011684 0.011445
0 0.027168 0.111104 0.015789 0.071579
2 0.144717 0.260011 0.011684 0.051819
0 0.906566 0.824065 0.187168 0.161880
