0 0.040526 0.214114 0.051684 0.040114
0 0.441579 0.468227 0.118947 0.066890
0 0.901684 0.519211 0.114717 0.081940
0 0.056116 0.160515 0.041158 0.010100
0 0.129474 0.176421 0.015789 0.018462
0 0.096842 0.117960 0.029474 0.015117
0 0.295261 0.187291 0.057895 0.050167
1 0.018947 0.220716 0.011579 0.040114
2 0.016842 0.199811 0.010526 0.011771
0 0.965789 0.571906 0.095789 0.121746
0 0.081051 0.109165 0.050526 0.060201
0 0.084717 0.175418 0.068421 0.055184
2 0.997168 0.126087 0.011684 0.016789
0 0.028421 0.127759 0.015789 0.071579
2 0.145789 0.260011 0.011684 0.051819
0 0.881158 0.819198 0.195789 0.170569
2 0.106169 0.258598 0.021649 0.056878
0 0.007286 0.485450 0.081598 0.061492
