0 0.042105 0.226589 0.050526 0.038462
0 0.440526 0.468227 0.118947 0.066890
0 0.904737 0.517559 0.114737 0.081940
0 0.056316 0.161371 0.041053 0.028428
0 0.130526 0.178094 0.035789 0.038462
0 0.097895 0.139632 0.029474 0.035117
0 0.295263 0.185619 0.057895 0.050167
1 0.033684 0.215719 0.031579 0.040134
2 0.032105 0.198997 0.009474 0.030100
0 0.964737 0.570234 0.095789 0.123746
0 0.081053 0.306020 0.050526 0.060201
0 0.088947 0.365385 0.068421 0.055184
0 0.030526 0.317726 0.033684 0.070234
2 0.152632 0.260870 0.012632 0.050167
0 0.760000 0.819398 0.195789 0.170569
2 0.100526 0.256689 0.022105 0.058528
0 0.010000 0.477425 0.093684 0.071906
