0 0.041051 0.226589 0.050526 0.018462
0 0.440526 0.468227 0.118947 0.066890
0 0.905789 0.517559 0.114717 0.081940
0 0.056116 0.162207 0.041158 0.010100
0 0.110526 0.174749 0.015789 0.018462
0 0.096842 0.117960 0.029474 0.015117
0 0.295261 0.185619 0.057895 0.050167
1 0.010526 0.217191 0.011579 0.040114
2 0.010526 0.199811 0.010526 0.011771
0 0.964717 0.570214 0.095789 0.121746
0 0.081051 0.102676 0.050526 0.060201
0 0.090000 0.162040 0.072612 0.058528
0 0.010526 0.116054 0.015789 0.071579
2 0.154717 0.259197 0.012612 0.050167
0 0.710526 0.816054 0.195789 0.170569
2 0.099474 0.256689 0.022105 0.058528
0 0.011821 0.461848 0.091684 0.071906
