0 0.042105 0.223244 0.050526 0.038462
0 0.439474 0.468227 0.118947 0.066890
0 0.904737 0.517559 0.114737 0.081940
0 0.056316 0.162207 0.043158 0.030100
0 0.129474 0.176421 0.035789 0.038462
0 0.096842 0.137960 0.029474 0.035117
0 0.295263 0.185619 0.057895 0.050167
1 0.027368 0.215719 0.033684 0.043478
2 0.027368 0.199833 0.010526 0.031773
0 0.965789 0.570234 0.095789 0.123746
0 0.080000 0.301003 0.048421 0.056856
0 0.091053 0.355351 0.068421 0.055184
0 0.030526 0.311037 0.035789 0.073579
2 0.158947 0.260870 0.012632 0.050167
0 0.667368 0.819398 0.195789 0.170569
2 0.095789 0.257525 0.021053 0.056856
0 0.042632 0.455686 0.093684 0.071906
