0 0.042105 0.221244 0.050526 0.018462
0 0.440526 0.468227 0.118947 0.066890
0 0.901684 0.517559 0.114717 0.081940
0 0.055261 0.162207 0.041158 0.010100
0 0.129474 0.176421 0.015789 0.018462
0 0.097895 0.117960 0.029474 0.015117
0 0.295261 0.185619 0.057895 0.050167
1 0.027168 0.217191 0.011684 0.041478
2 0.027168 0.201505 0.010526 0.011771
0 0.965789 0.570214 0.095789 0.121746
0 0.080000 0.101001 0.048421 0.056856
0 0.092105 0.151679 0.068421 0.055184
0 0.011579 0.111017 0.015789 0.071579
2 0.158421 0.260011 0.011684 0.051819
0 0.666116 0.817726 0.195789 0.170569
2 0.095789 0.257525 0.021051 0.056856
0 0.042612 0.452141 0.091684 0.071906
