0 0.041053 0.219900 0.050526 0.038462
0 0.440526 0.466555 0.118947 0.066890
0 0.903684 0.517559 0.114737 0.081940
0 0.056316 0.160535 0.045263 0.030100
0 0.130526 0.176421 0.035789 0.038462
0 0.096842 0.137960 0.029474 0.035117
0 0.295263 0.185619 0.057895 0.050167
1 0.023684 0.216555 0.034737 0.045151
0 0.964737 0.571906 0.095789 0.123746
0 0.080000 0.297659 0.048421 0.056856
0 0.091579 0.351171 0.065263 0.053512
0 0.030526 0.306020 0.035789 0.073579
2 0.162632 0.260033 0.013684 0.051839
0 0.607368 0.817726 0.195789 0.170569
2 0.093684 0.257525 0.021053 0.056856
0 0.055789 0.443144 0.088421 0.066890
