0 0.042105 0.219064 0.048421 0.016789
0 0.440526 0.466555 0.118947 0.066890
0 0.901684 0.519211 0.114717 0.081940
0 0.055261 0.160515 0.041158 0.010100
0 0.128421 0.176421 0.015789 0.018462
0 0.097895 0.119612 0.029474 0.015117
0 0.295261 0.185619 0.057895 0.050167
1 0.018421 0.211211 0.014717 0.045151
0 0.965789 0.571906 0.095789 0.121746
0 0.080000 0.297659 0.050526 0.060201
0 0.091579 0.146154 0.065261 0.051512
0 0.010526 0.101001 0.011684 0.070214
2 0.165789 0.260011 0.011684 0.055184
0 0.551762 0.814711 0.195789 0.170569
0 0.061158 0.411110 0.088421 0.066890
2 0.090966 0.258598 0.017485 0.051587
