0 0.042105 0.218227 0.046316 0.035117
0 0.440526 0.466555 0.118947 0.066890
0 0.903684 0.519231 0.114737 0.081940
0 0.055263 0.160535 0.043158 0.030100
0 0.128421 0.176421 0.035789 0.038462
0 0.097895 0.139632 0.029474 0.035117
0 0.295263 0.185619 0.057895 0.050167
1 0.018421 0.211538 0.034737 0.045151
0 0.965789 0.571906 0.095789 0.123746
0 0.078947 0.299331 0.050526 0.060201
0 0.092632 0.346154 0.065263 0.053512
0 0.031579 0.301003 0.033684 0.070234
2 0.165789 0.258361 0.013684 0.051839
0 0.553158 0.814381 0.194737 0.170569
0 0.063158 0.432274 0.084211 0.065217
2 0.090526 0.257525 0.016842 0.050167
