0 0.043158 0.216555 0.046316 0.035117
0 0.440526 0.466555 0.118947 0.066890
0 0.903684 0.519231 0.114737 0.081940
0 0.056316 0.160535 0.043158 0.030100
0 0.128421 0.176421 0.035789 0.038462
0 0.097895 0.139632 0.029474 0.035117
0 0.295263 0.185619 0.057895 0.050167
1 0.016316 0.209866 0.034737 0.045151
0 0.964737 0.571906 0.095789 0.123746
0 0.078947 0.295987 0.050526 0.060201
0 0.091579 0.346154 0.065263 0.053512
0 0.031579 0.299331 0.033684 0.070234
2 0.167895 0.258361 0.013684 0.051839
0 0.524737 0.811037 0.194737 0.170569
0 0.068421 0.428930 0.080000 0.061873
2 0.090000 0.257525 0.017895 0.053512
