0 0.042105 0.215719 0.048421 0.036789
0 0.440526 0.466555 0.118947 0.066890
0 0.904737 0.519231 0.114737 0.081940
0 0.056316 0.160535 0.043158 0.030100
0 0.128421 0.176421 0.035789 0.038462
0 0.097895 0.137960 0.029474 0.035117
0 0.296316 0.185619 0.057895 0.050167
1 0.011053 0.211538 0.034737 0.045151
0 0.965789 0.570234 0.095789 0.123746
0 0.078947 0.295987 0.050526 0.060201
0 0.091579 0.341137 0.065263 0.053512
0 0.030526 0.294314 0.035789 0.073579
2 0.170526 0.257525 0.012632 0.050167
0 0.462632 0.811037 0.194737 0.170569
0 0.070526 0.423913 0.084211 0.065217
2 0.086316 0.257525 0.016842 0.050167
0 0.018110 0.383598 0.036636 0.082011
