0 0.042105 0.214047 0.048421 0.036789
0 0.440526 0.466555 0.118947 0.066890
0 0.904737 0.519231 0.114737 0.081940
0 0.056316 0.160535 0.045263 0.030100
0 0.128421 0.176421 0.035789 0.038462
0 0.096842 0.137960 0.029474 0.035117
0 0.296316 0.183946 0.057895 0.050167
0 0.965789 0.570234 0.095789 0.123746
0 0.078947 0.295987 0.050526 0.060201
0 0.092105 0.336120 0.062105 0.050167
0 0.030526 0.294314 0.033684 0.070234
0 0.398421 0.815217 0.205263 0.178930
0 0.071579 0.414716 0.088421 0.066890
2 0.083684 0.256689 0.015789 0.048495
0 0.018947 0.378763 0.035789 0.081940
2 0.176727 0.266534 0.017485 0.043651
2 0.162989 0.264550 0.013322 0.050265
