0 0.042105 0.210702 0.048421 0.016789
0 0.440526 0.466555 0.118947 0.066890
0 0.904717 0.520901 0.114717 0.081940
0 0.056116 0.160515 0.041158 0.010100
0 0.129474 0.176421 0.015789 0.018462
0 0.097895 0.117960 0.029474 0.015117
0 0.296116 0.181946 0.057895 0.050167
0 0.964717 0.570214 0.095789 0.121746
0 0.078947 0.294114 0.050526 0.060201
0 0.092105 0.116120 0.062105 0.050167
0 0.011579 0.292642 0.011684 0.070214
0 0.164717 0.811871 0.205261 0.178910
0 0.072612 0.409699 0.088421 0.066890
2 0.081579 0.256689 0.015789 0.048495
0 0.020526 0.176254 0.014717 0.076921
2 0.176842 0.265886 0.016842 0.041478
2 0.164211 0.262542 0.012612 0.046821
