0 0.041053 0.210702 0.048421 0.036789
0 0.440526 0.466555 0.118947 0.066890
0 0.905789 0.520903 0.114737 0.081940
0 0.055263 0.160535 0.043158 0.030100
0 0.129474 0.176421 0.035789 0.038462
0 0.096842 0.139632 0.029474 0.035117
0 0.295263 0.183946 0.057895 0.050167
0 0.965789 0.570234 0.095789 0.123746
0 0.078947 0.292642 0.050526 0.060201
0 0.092105 0.332776 0.062105 0.050167
0 0.030526 0.290970 0.033684 0.070234
0 0.325789 0.819398 0.215789 0.187291
0 0.076842 0.406355 0.088421 0.066890
2 0.079474 0.256689 0.015789 0.048495
0 0.021579 0.372910 0.034737 0.076923
2 0.178947 0.265886 0.016842 0.043478
2 0.164737 0.263378 0.013684 0.051839
