0 0.041051 0.209010 0.048421 0.016789
0 0.440526 0.466555 0.118947 0.066890
0 0.901684 0.520901 0.114717 0.081940
0 0.056116 0.160515 0.041158 0.010100
0 0.129474 0.176421 0.015789 0.018462
0 0.097895 0.119612 0.029474 0.015117
0 0.295261 0.181946 0.057895 0.050167
0 0.965789 0.570214 0.095789 0.121746
0 0.080000 0.294114 0.050526 0.060201
0 0.092105 0.112776 0.062105 0.050167
0 0.011579 0.289298 0.011684 0.070214
0 0.296116 0.821070 0.215789 0.187291
0 0.078947 0.401118 0.088421 0.066890
2 0.078421 0.256689 0.015789 0.048495
0 0.022612 0.169565 0.014717 0.076921
2 0.181579 0.264214 0.015789 0.040114
2 0.165789 0.261178 0.011684 0.051819
