0 0.042105 0.209030 0.048421 0.036789
0 0.440526 0.466555 0.118947 0.066890
0 0.903684 0.520903 0.114737 0.081940
0 0.057368 0.160535 0.043158 0.030100
0 0.129474 0.176421 0.035789 0.038462
0 0.097895 0.139632 0.029474 0.035117
0 0.295263 0.186455 0.060000 0.051839
0 0.964737 0.570234 0.095789 0.123746
0 0.078947 0.292642 0.048421 0.056856
0 0.091053 0.332776 0.062105 0.050167
0 0.030526 0.289298 0.033684 0.070234
0 0.261579 0.822742 0.215789 0.187291
0 0.080000 0.397993 0.088421 0.066890
2 0.076316 0.258361 0.015789 0.048495
0 0.018688 0.369565 0.034737 0.076923
2 0.168947 0.263378 0.013684 0.051839
