0 0.041051 0.208194 0.046116 0.015117
0 0.419474 0.466555 0.118947 0.066890
0 0.901684 0.520901 0.114717 0.081940
0 0.056116 0.160515 0.041158 0.010100
0 0.129474 0.176421 0.015789 0.018462
0 0.097895 0.117960 0.029474 0.015117
0 0.295261 0.181110 0.060000 0.051819
0 0.964717 0.571906 0.095789 0.121746
0 0.080000 0.290970 0.048421 0.056856
0 0.092105 0.129411 0.062105 0.050167
0 0.010526 0.290970 0.011684 0.070214
0 0.228947 0.822742 0.215789 0.187291
0 0.081158 0.194649 0.088421 0.066890
2 0.074211 0.256689 0.015789 0.048495
0 0.018947 0.167891 0.015789 0.080268
2 0.170000 0.261178 0.011684 0.051819
