0 0.042105 0.204849 0.046116 0.015117
0 0.440526 0.466555 0.118947 0.066890
0 0.901684 0.520901 0.114717 0.081940
0 0.056116 0.160515 0.041158 0.010100
0 0.129474 0.176421 0.015789 0.018462
0 0.096842 0.117960 0.029474 0.015117
0 0.295261 0.181110 0.060000 0.051819
0 0.964717 0.571906 0.095789 0.121746
0 0.078947 0.290970 0.048421 0.056856
0 0.091051 0.127759 0.062105 0.050167
0 0.010526 0.287625 0.011684 0.070214
0 0.192105 0.819198 0.215789 0.187291
0 0.078947 0.192140 0.084211 0.065217
2 0.071158 0.256689 0.015789 0.045151
0 0.020000 0.164548 0.015789 0.080268
2 0.171051 0.261178 0.011684 0.051819
