0 0.041051 0.205686 0.044211 0.011445
0 0.440526 0.466555 0.118947 0.066890
0 0.904211 0.519211 0.120000 0.085284
0 0.056116 0.160515 0.041158 0.010100
0 0.129474 0.178094 0.015789 0.018462
0 0.096842 0.117960 0.029474 0.015117
0 0.295261 0.186455 0.060000 0.051819
0 0.965789 0.571906 0.095789 0.121746
0 0.078947 0.290970 0.048421 0.056856
0 0.091051 0.126087 0.062105 0.050167
0 0.011579 0.287625 0.011684 0.070214
0 0.160526 0.816054 0.215789 0.187291
0 0.081158 0.188796 0.084211 0.065217
2 0.072105 0.256689 0.015789 0.045151
0 0.021579 0.162876 0.014717 0.076921
2 0.171158 0.261178 0.011684 0.051819
