0 0.040000 0.204011 0.044211 0.011445
0 0.440526 0.466555 0.118947 0.066890
0 0.901684 0.519211 0.114717 0.081940
0 0.055261 0.160515 0.041158 0.010100
0 0.110526 0.178094 0.015789 0.018462
0 0.096842 0.119612 0.029474 0.015117
0 0.295261 0.181110 0.060000 0.051819
0 0.965789 0.571906 0.095789 0.121746
0 0.078947 0.290970 0.048421 0.056856
0 0.092105 0.124415 0.062105 0.050167
0 0.011579 0.284281 0.015789 0.071579
0 0.126842 0.814181 0.215789 0.187291
0 0.081051 0.184615 0.088421 0.066890
2 0.067895 0.255017 0.015789 0.048495
0 0.021579 0.161204 0.014717 0.076921
2 0.171158 0.261178 0.011684 0.051819
0 0.946842 0.812709 0.116842 0.151846
