0 0.018947 0.202141 0.044211 0.011445
0 0.419474 0.466555 0.118947 0.066890
0 0.901684 0.519211 0.114717 0.081940
0 0.056116 0.160515 0.041158 0.010100
0 0.110000 0.175585 0.016842 0.040114
0 0.096842 0.119612 0.029474 0.015117
0 0.295261 0.186455 0.060000 0.051819
0 0.964717 0.571906 0.095789 0.121746
0 0.080000 0.289298 0.048421 0.056856
0 0.091051 0.124415 0.062105 0.050167
0 0.010526 0.285951 0.015789 0.071579
0 0.088947 0.819198 0.215789 0.187291
0 0.082105 0.182107 0.084211 0.065217
2 0.066842 0.260011 0.015789 0.048495
0 0.022612 0.158696 0.012612 0.071906
2 0.171158 0.261178 0.011684 0.051819
0 0.911096 0.824715 0.154018 0.189151
