0 0.017895 0.202141 0.040000 0.010100
0 0.440526 0.466555 0.118947 0.066890
0 0.901684 0.519211 0.114717 0.081940
0 0.056116 0.160515 0.041158 0.010100
0 0.128947 0.177258 0.016842 0.040114
0 0.097895 0.119612 0.029474 0.015117
0 0.296116 0.181110 0.060000 0.051819
0 0.964717 0.571906 0.095789 0.121746
0 0.080000 0.290970 0.048421 0.056856
0 0.091051 0.121070 0.062105 0.050167
0 0.011579 0.284281 0.015789 0.071579
0 0.026842 0.821906 0.205261 0.178910
0 0.081051 0.178761 0.084211 0.065217
2 0.061579 0.258161 0.015789 0.048495
2 0.174717 0.265886 0.012612 0.050167
0 0.900526 0.821579 0.192612 0.185619
0 0.021051 0.158696 0.040000 0.075251
