0 0.017895 0.202141 0.040000 0.010100
0 0.440526 0.466555 0.118947 0.066890
0 0.901684 0.519211 0.114717 0.081940
0 0.055261 0.160515 0.041158 0.010100
0 0.129474 0.176421 0.015789 0.018462
0 0.097895 0.117960 0.029474 0.015117
0 0.295261 0.186455 0.060000 0.051819
0 0.964717 0.570214 0.095789 0.121746
0 0.080000 0.289298 0.048421 0.056856
0 0.092105 0.121070 0.062105 0.050167
0 0.011579 0.284281 0.015789 0.071579
0 0.081158 0.177090 0.080000 0.061871
2 0.060526 0.256689 0.015789 0.048495
2 0.175261 0.265050 0.011684 0.051819
0 0.911741 0.820911 0.192612 0.185619
0 0.021051 0.158696 0.040000 0.075251
0 0.051812 0.824715 0.150707 0.116241
