0 0.016842 0.201505 0.042105 0.011771
0 0.440526 0.466555 0.118947 0.066890
0 0.904717 0.519211 0.114717 0.081940
0 0.056116 0.160515 0.041158 0.010100
0 0.129474 0.178094 0.015789 0.018462
0 0.097895 0.117960 0.029474 0.015117
0 0.295261 0.186455 0.060000 0.051819
0 0.964717 0.570214 0.095789 0.121746
0 0.078947 0.290970 0.048421 0.056856
0 0.092105 0.119198 0.062105 0.050167
0 0.010526 0.282609 0.015789 0.071579
0 0.084717 0.175418 0.076842 0.058528
2 0.058421 0.256689 0.015789 0.048495
2 0.176116 0.261178 0.011684 0.051819
0 0.022105 0.158696 0.040000 0.075251
0 0.021158 0.820214 0.141158 0.128761
0 0.888612 0.818122 0.212106 0.178571
