0 0.015789 0.200669 0.044211 0.011445
0 0.440526 0.466555 0.118947 0.066890
0 0.904717 0.519211 0.114717 0.081940
0 0.056116 0.160515 0.041158 0.010100
0 0.129474 0.178094 0.015789 0.018462
0 0.097895 0.117960 0.029474 0.015117
0 0.295261 0.186455 0.060000 0.051819
0 0.964717 0.570214 0.095789 0.121746
0 0.080000 0.289298 0.048421 0.056856
0 0.091051 0.119198 0.062105 0.050167
0 0.010526 0.282609 0.015789 0.071579
0 0.085789 0.172074 0.072612 0.055184
2 0.057168 0.255017 0.015789 0.045151
2 0.175261 0.261178 0.011684 0.051819
0 0.021158 0.154515 0.042105 0.080268
0 -0.015789 0.825251 0.141158 0.128761
0 0.868212 0.821429 0.254787 0.166667
