0 0.031579 0.198161 0.042105 0.031773
0 0.440526 0.466555 0.118947 0.066890
0 0.903684 0.519231 0.114737 0.081940
0 0.056316 0.160535 0.043158 0.030100
0 0.128421 0.176421 0.035789 0.038462
0 0.097895 0.139632 0.029474 0.035117
0 0.295263 0.184783 0.060000 0.051839
0 0.965789 0.570234 0.095789 0.123746
0 0.080000 0.289298 0.048421 0.056856
0 0.091053 0.316054 0.062105 0.050167
0 0.031579 0.279264 0.033684 0.070234
0 0.085789 0.366221 0.066316 0.050167
2 0.048947 0.258361 0.015789 0.048495
0 0.024211 0.349498 0.042105 0.080268
0 0.769474 0.818562 0.254737 0.165552
