0 0.031579 0.196488 0.042105 0.031773
0 0.440526 0.466555 0.118947 0.066890
0 0.903684 0.519231 0.114737 0.081940
0 0.056316 0.160535 0.045263 0.030100
0 0.129474 0.176421 0.035789 0.038462
0 0.096842 0.137960 0.029474 0.035117
0 0.295263 0.184783 0.060000 0.051839
0 0.964737 0.570234 0.095789 0.123746
0 0.078947 0.287625 0.048421 0.056856
0 0.091053 0.316054 0.062105 0.050167
0 0.030526 0.280936 0.033684 0.070234
0 0.085263 0.367893 0.069474 0.053512
2 0.047895 0.256689 0.015789 0.048495
0 0.024211 0.349498 0.042105 0.080268
0 0.769474 0.819398 0.267368 0.173913
