0 0.028421 0.197124 0.044211 0.011445
0 0.440526 0.466555 0.118947 0.066890
0 0.901684 0.520901 0.114717 0.081940
0 0.056116 0.160515 0.041158 0.010100
0 0.129474 0.176421 0.015789 0.018462
0 0.096842 0.117960 0.029474 0.015117
0 0.295261 0.184781 0.060000 0.051819
0 0.964717 0.570214 0.095789 0.121746
0 0.080000 0.285951 0.048421 0.056856
0 0.091579 0.115217 0.058947 0.048495
0 0.011579 0.277592 0.011684 0.070214
0 0.086116 0.166221 0.069474 0.051512
2 0.042612 0.256689 0.015789 0.048495
0 0.024211 0.146154 0.042105 0.080268
0 0.704211 0.821070 0.267168 0.171911
