0 0.026316 0.196488 0.046316 0.035117
0 0.440526 0.466555 0.118947 0.066890
0 0.903684 0.519231 0.114737 0.081940
0 0.056316 0.160535 0.043158 0.030100
0 0.129474 0.178094 0.035789 0.038462
0 0.097895 0.137960 0.029474 0.035117
0 0.295263 0.184783 0.060000 0.051839
0 0.964737 0.571906 0.095789 0.123746
0 0.078947 0.285953 0.048421 0.056856
0 0.091579 0.313545 0.058947 0.048495
0 0.031579 0.277592 0.033684 0.070234
0 0.087368 0.361204 0.069474 0.053512
2 0.037895 0.257525 0.018947 0.056856
0 0.026316 0.342809 0.042105 0.080268
0 0.635789 0.821906 0.280000 0.182274
