0 0.015789 0.192308 0.044211 0.033445
0 0.440526 0.466555 0.118947 0.066890
0 0.904737 0.519231 0.114737 0.081940
0 0.056316 0.160535 0.043158 0.030100
0 0.128421 0.176421 0.035789 0.038462
0 0.096842 0.139632 0.029474 0.035117
0 0.295263 0.184783 0.060000 0.051839
0 0.963684 0.571906 0.095789 0.123746
0 0.080000 0.284281 0.048421 0.056856
0 0.091579 0.308528 0.058947 0.048495
0 0.031579 0.274247 0.033684 0.070234
0 0.087895 0.354515 0.066316 0.050167
2 0.020000 0.254181 0.016842 0.050167
0 0.028421 0.335284 0.040000 0.075251
0 0.451579 0.815217 0.280000 0.182274
0 0.018947 0.398829 0.063158 0.068562
0 0.960655 0.832011 0.089925 0.153439
