0 0.011579 0.188961 0.044211 0.011445
0 0.441579 0.466555 0.118947 0.066890
0 0.904717 0.519211 0.114717 0.081940
0 0.056116 0.160515 0.041158 0.010100
0 0.129474 0.178094 0.015789 0.018462
0 0.098947 0.117960 0.029474 0.015117
0 0.295261 0.184781 0.060000 0.051819
0 0.961684 0.570214 0.095789 0.121746
0 0.078947 0.280916 0.048421 0.056856
0 0.090526 0.106856 0.058947 0.048495
0 0.012612 0.270901 0.011684 0.070214
0 0.087895 0.152841 0.066116 0.050167
2 0.011158 0.255017 0.015789 0.048495
0 0.028421 0.111940 0.040000 0.075251
0 0.186116 0.825251 0.280000 0.182274
0 0.019474 0.191811 0.066116 0.071906
0 0.926517 0.826058 0.161512 0.157407
