0 0.008421 0.188127 0.046116 0.015117
0 0.440526 0.466555 0.118947 0.066890
0 0.904717 0.519211 0.114717 0.081940
0 0.055261 0.160515 0.041158 0.010100
0 0.129474 0.178094 0.015789 0.018462
0 0.098947 0.117960 0.029474 0.015117
0 0.295261 0.181110 0.060000 0.051819
0 0.964717 0.570214 0.095789 0.121746
0 0.080000 0.280916 0.048421 0.056856
0 0.091579 0.105184 0.058947 0.048495
0 0.011579 0.269211 0.011684 0.070214
0 0.088947 0.149498 0.066116 0.050167
0 0.029474 0.128595 0.040000 0.075251
0 0.111579 0.818629 0.294717 0.192108
0 0.021051 0.190468 0.069474 0.075251
0 0.872105 0.821579 0.198947 0.162207
