0 0.007168 0.187291 0.044211 0.011445
0 0.419474 0.466555 0.118947 0.066890
0 0.904717 0.520901 0.114717 0.081940
0 0.056116 0.160515 0.041158 0.010100
0 0.129474 0.178094 0.015789 0.018462
0 0.098947 0.117960 0.029474 0.015117
0 0.295261 0.186455 0.060000 0.051819
0 0.964717 0.570214 0.095789 0.121746
0 0.078947 0.279264 0.048421 0.056856
0 0.091579 0.105184 0.058947 0.048495
0 0.012612 0.267559 0.011684 0.070214
0 0.088947 0.147826 0.066116 0.050167
0 0.029474 0.128595 0.040000 0.075251
0 0.271579 0.815284 0.280000 0.182274
0 0.022105 0.188796 0.069474 0.075251
0 0.861601 0.818425 0.208421 0.170569
