0 0.007168 0.187291 0.044211 0.011445
0 0.440526 0.466555 0.118947 0.066890
0 0.901684 0.519211 0.114717 0.081940
0 0.056116 0.160515 0.041158 0.010100
0 0.129474 0.176421 0.015789 0.018462
0 0.098947 0.117960 0.029474 0.015117
0 0.295261 0.186455 0.060000 0.051819
0 0.964717 0.571579 0.095789 0.121746
0 0.080000 0.277592 0.048421 0.056856
0 0.091051 0.102676 0.062105 0.050167
0 0.011684 0.267559 0.011684 0.070214
0 0.088947 0.147826 0.066116 0.050167
0 0.029474 0.126921 0.040000 0.075251
0 0.211684 0.818629 0.294717 0.192108
0 0.021158 0.187124 0.069474 0.075251
0 0.827168 0.816054 0.208421 0.170569
