0 0.419474 0.466555 0.118947 0.066890
0 0.901684 0.519211 0.114717 0.081940
0 0.055261 0.160515 0.041158 0.010100
0 0.128421 0.176421 0.015789 0.018462
0 0.096842 0.117960 0.029474 0.015117
0 0.295261 0.186455 0.060000 0.051819
0 0.964717 0.570214 0.095789 0.121746
0 0.078947 0.277592 0.048421 0.056856
0 0.091051 0.299111 0.062105 0.050167
0 0.011684 0.265886 0.011684 0.070214
0 0.090000 0.144482 0.066116 0.050167
0 0.011579 0.125251 0.040000 0.075251
0 0.155789 0.840101 0.109474 0.202141
0 0.024211 0.185452 0.069474 0.075251
0 0.755789 0.811017 0.208421 0.170569
