0 0.441579 0.466555 0.118947 0.066890
0 0.904717 0.519211 0.114717 0.081940
0 0.056116 0.160515 0.045261 0.010100
0 0.129474 0.176421 0.015789 0.018462
0 0.097895 0.119612 0.029474 0.015117
0 0.296116 0.185619 0.057895 0.050167
0 0.964717 0.570214 0.095789 0.121746
0 0.080000 0.274247 0.048421 0.056856
0 0.091579 0.298495 0.058947 0.048495
0 0.014717 0.259197 0.011684 0.070214
0 0.089474 0.141971 0.061158 0.048495
0 0.010526 0.118562 0.017895 0.071906
0 0.024211 0.178761 0.069474 0.075251
0 0.608421 0.801001 0.208421 0.170569
0 0.061407 0.844577 0.189841 0.152116
