0 0.440526 0.466555 0.118947 0.066890
0 0.904717 0.519211 0.114717 0.081940
0 0.056116 0.160515 0.045261 0.010100
0 0.129474 0.176421 0.015789 0.018462
0 0.097895 0.119612 0.029474 0.015117
0 0.296116 0.185619 0.057895 0.050167
0 0.964717 0.571579 0.095789 0.121746
0 0.078947 0.274247 0.048421 0.056856
0 0.091579 0.298495 0.058947 0.048495
0 0.014717 0.259197 0.011684 0.070214
0 0.089474 0.141971 0.061158 0.048495
0 0.011579 0.118562 0.017895 0.071906
0 0.025261 0.178761 0.069474 0.075251
0 0.606116 0.801001 0.208421 0.170569
0 0.061051 0.842809 0.189474 0.150502
