0 0.440526 0.466555 0.118947 0.066890
0 0.901684 0.519211 0.114717 0.081940
0 0.055261 0.160515 0.041158 0.010100
0 0.129474 0.176421 0.015789 0.018462
0 0.098947 0.117960 0.029474 0.015117
0 0.296116 0.185619 0.057895 0.050167
0 0.964717 0.571579 0.095789 0.121746
0 0.080000 0.269211 0.048421 0.056856
0 0.090526 0.296821 0.058947 0.048495
0 0.014717 0.255851 0.011684 0.070214
0 0.089474 0.140101 0.061158 0.048495
0 0.011579 0.115217 0.017895 0.071906
0 0.027168 0.175418 0.069474 0.075251
0 0.495789 0.791478 0.197895 0.162207
0 -0.050000 0.819465 0.180000 0.141811
