0 0.419474 0.466555 0.118947 0.066890
0 0.901684 0.519211 0.114717 0.081940
0 0.056116 0.160515 0.045261 0.010100
0 0.129474 0.178094 0.015789 0.018462
0 0.096842 0.117960 0.029474 0.015117
0 0.296116 0.185619 0.057895 0.050167
0 0.964717 0.571906 0.095789 0.121746
0 0.078947 0.267559 0.048421 0.056856
0 0.090526 0.296821 0.058947 0.048495
0 0.015261 0.254181 0.012612 0.066890
0 0.089474 0.118629 0.061158 0.048495
0 0.011579 0.115217 0.017895 0.071906
0 0.026116 0.171746 0.069474 0.075251
0 0.458947 0.791806 0.197895 0.162207
