0 0.440526 0.466555 0.118947 0.066890
0 0.904717 0.519211 0.114717 0.081940
0 0.056116 0.160515 0.045261 0.010100
0 0.129474 0.178094 0.015789 0.018462
0 0.097895 0.117960 0.029474 0.015117
0 0.296116 0.185619 0.057895 0.050167
0 0.964717 0.571906 0.095789 0.121746
0 0.080000 0.264214 0.048421 0.056856
0 0.090526 0.295151 0.058947 0.048495
0 0.016116 0.250816 0.010526 0.061545
0 0.089474 0.116957 0.061158 0.048495
0 0.011579 0.111871 0.017895 0.071906
0 0.025789 0.170401 0.072612 0.078595
0 0.186116 0.791806 0.197895 0.162207
