0 0.440526 0.466555 0.118947 0.066890
0 0.901684 0.519211 0.114717 0.081940
0 0.056116 0.160515 0.045261 0.010100
0 0.129474 0.176421 0.015789 0.018462
0 0.097895 0.119612 0.029474 0.015117
0 0.295261 0.185619 0.057895 0.050167
0 0.964717 0.570214 0.095789 0.121746
0 0.078947 0.254181 0.046116 0.051512
0 0.090526 0.290114 0.056842 0.045151
0 0.019474 0.242475 0.010526 0.061545
0 0.090526 0.111612 0.061158 0.048495
0 0.011158 0.105184 0.016842 0.068562
0 0.026116 0.164548 0.080000 0.086957
0 0.148421 0.790114 0.197895 0.162207
0 0.941158 0.116890 0.061051 0.068562
