0 0.440526 0.466555 0.118947 0.066890
0 0.901684 0.519211 0.114717 0.081940
0 0.055261 0.162207 0.041158 0.010100
0 0.110526 0.176421 0.015789 0.018462
0 0.097895 0.119612 0.029474 0.015117
0 0.295261 0.185619 0.057895 0.050167
0 0.964717 0.570214 0.095789 0.121746
0 0.079474 0.251144 0.041158 0.051819
0 0.090526 0.290114 0.056842 0.045151
0 0.019474 0.242475 0.010526 0.061545
0 0.091579 0.111612 0.061158 0.048495
0 0.011158 0.105184 0.016842 0.068562
0 0.027168 0.164548 0.080000 0.086957
0 0.147168 0.792642 0.208421 0.170569
0 0.944211 0.118562 0.061051 0.068562
