0 0.440526 0.466555 0.118947 0.066890
0 0.901684 0.519211 0.114717 0.081940
0 0.055261 0.161171 0.041051 0.028428
0 0.128421 0.176421 0.015789 0.018462
0 0.097895 0.119612 0.029474 0.015117
0 0.295261 0.185619 0.057895 0.050167
0 0.964717 0.570214 0.095789 0.121746
0 0.078421 0.251144 0.041158 0.051819
0 0.090526 0.290114 0.056842 0.045151
0 0.040000 0.242475 0.029474 0.060201
0 0.090526 0.111940 0.061158 0.048495
0 0.011158 0.105184 0.016842 0.068562
0 0.027168 0.165185 0.084211 0.091971
0 0.109474 0.794114 0.208421 0.170569
0 0.951158 0.122742 0.064211 0.071579
