0 0.440526 0.464883 0.118947 0.066890
0 0.903684 0.519231 0.114737 0.081940
0 0.056316 0.158027 0.041053 0.028428
0 0.129474 0.174749 0.035789 0.038462
0 0.097895 0.137960 0.029474 0.035117
0 0.295263 0.185619 0.057895 0.050167
0 0.964737 0.571906 0.095789 0.123746
0 0.079474 0.248328 0.043158 0.051839
0 0.087895 0.287625 0.053684 0.043478
0 0.038947 0.237458 0.029474 0.060201
0 0.090526 0.328595 0.063158 0.048495
0 0.034211 0.301839 0.036842 0.068562
0 0.010526 0.793478 0.197895 0.162207
0 0.973158 0.332776 0.064211 0.073579
0 0.028934 0.353175 0.049958 0.058201
0 0.013530 0.402778 0.042464 0.064815
