0 0.440526 0.464881 0.118947 0.066890
0 0.901684 0.519211 0.114717 0.081940
0 0.056116 0.159699 0.041051 0.028428
0 0.129474 0.176421 0.015789 0.018462
0 0.096842 0.117960 0.029474 0.015117
0 0.295261 0.185619 0.057895 0.050167
0 0.965789 0.571906 0.095789 0.121746
0 0.078421 0.219967 0.041158 0.051819
0 0.086842 0.282609 0.051684 0.041478
0 0.040000 0.229097 0.029474 0.060201
0 0.089474 0.125251 0.061158 0.048495
0 0.011684 0.296821 0.017895 0.071906
0 0.010000 0.142809 0.049474 0.056856
0 0.020000 0.189612 0.044211 0.066890
