0 0.440526 0.466555 0.118947 0.066890
0 0.902612 0.519211 0.114717 0.081940
0 0.056116 0.158027 0.041051 0.028428
0 0.129474 0.176421 0.015789 0.018462
0 0.097895 0.117960 0.029474 0.015117
0 0.295261 0.185619 0.057895 0.050167
0 0.964717 0.570214 0.095789 0.121746
0 0.079474 0.216622 0.041158 0.051819
0 0.087168 0.277592 0.050526 0.040114
0 0.041051 0.222408 0.027168 0.056856
0 0.090000 0.119198 0.066116 0.050167
0 0.015261 0.290114 0.016842 0.068562
0 0.012105 0.117791 0.049474 0.056856
0 0.018947 0.191104 0.065261 0.080268
