0 0.440526 0.466555 0.118947 0.066890
0 0.902632 0.519231 0.114737 0.081940
0 0.056316 0.158027 0.041053 0.028428
0 0.129474 0.176421 0.035789 0.038462
0 0.097895 0.137960 0.029474 0.035117
0 0.295263 0.185619 0.057895 0.050167
0 0.964737 0.573579 0.095789 0.123746
0 0.079474 0.234950 0.043158 0.051839
0 0.086316 0.275920 0.050526 0.040134
0 0.041053 0.222408 0.027368 0.056856
0 0.090000 0.321070 0.066316 0.050167
0 0.035263 0.288462 0.036842 0.068562
0 0.033158 0.336957 0.047368 0.055184
0 0.020000 0.391304 0.065263 0.080268
