0 0.441579 0.466555 0.118947 0.066890
0 0.902612 0.519211 0.114717 0.081940
0 0.056116 0.158027 0.041051 0.028428
0 0.128421 0.176421 0.015789 0.018462
0 0.097895 0.119612 0.029474 0.015117
0 0.295261 0.185619 0.057895 0.050167
0 0.964717 0.571579 0.095789 0.121746
0 0.077168 0.215719 0.018947 0.046821
0 0.084211 0.258161 0.048421 0.018462
0 0.017895 0.204011 0.027168 0.056856
0 0.089474 0.105184 0.061158 0.048495
0 0.016116 0.271411 0.014717 0.065217
0 0.016116 0.111871 0.045261 0.051819
0 0.028947 0.169565 0.078947 0.096990
