0 0.441579 0.466555 0.118947 0.066890
0 0.901579 0.519231 0.114737 0.081940
0 0.055263 0.158027 0.041053 0.028428
0 0.128421 0.176421 0.035789 0.038462
0 0.096842 0.139632 0.029474 0.035117
0 0.294211 0.185619 0.057895 0.050167
0 0.964737 0.571906 0.095789 0.123746
0 0.077368 0.215719 0.038947 0.046823
0 0.084211 0.255017 0.048421 0.038462
0 0.036316 0.204013 0.026316 0.053512
0 0.089474 0.303512 0.063158 0.048495
0 0.039474 0.271739 0.034737 0.065217
0 0.036316 0.310201 0.045263 0.051839
0 0.031053 0.367893 0.078947 0.096990
