0 0.441579 0.466555 0.118947 0.066890
0 0.902632 0.520903 0.114737 0.081940
0 0.056316 0.158027 0.041053 0.028428
0 0.128421 0.176421 0.035789 0.038462
0 0.096842 0.139632 0.029474 0.035117
0 0.295263 0.185619 0.057895 0.050167
0 0.964737 0.573579 0.095789 0.123746
0 0.076316 0.210702 0.038947 0.046823
0 0.082105 0.253344 0.048421 0.038462
0 0.035263 0.202341 0.026316 0.053512
0 0.090526 0.300167 0.063158 0.048495
0 0.039474 0.268395 0.034737 0.065217
0 0.038421 0.306856 0.045263 0.051839
0 0.031053 0.364548 0.078947 0.096990
0 0.851580 0.245370 0.064946 0.038360
