0 0.440526 0.466555 0.118947 0.066890
0 0.901579 0.520901 0.114717 0.081940
0 0.055261 0.158027 0.041051 0.028428
0 0.129474 0.176421 0.015789 0.018462
0 0.096842 0.117960 0.029474 0.015117
0 0.295261 0.181946 0.057895 0.050167
0 0.964717 0.571906 0.095789 0.121746
0 0.075261 0.204011 0.016842 0.041478
0 0.082105 0.244981 0.048421 0.018462
0 0.029474 0.198161 0.025261 0.051819
0 0.088947 0.291478 0.060000 0.045151
0 0.041579 0.265050 0.012612 0.061871
0 0.017168 0.298495 0.045261 0.051819
0 0.011158 0.160168 0.081158 0.102007
0 0.898758 0.262254 0.050526 0.068562
