0 0.441579 0.468227 0.118947 0.066890
0 0.901579 0.520903 0.114737 0.081940
0 0.056316 0.158027 0.041053 0.028428
0 0.129474 0.176421 0.035789 0.038462
0 0.096842 0.137960 0.029474 0.035117
0 0.294211 0.185619 0.057895 0.050167
0 0.964737 0.570234 0.095789 0.123746
0 0.071053 0.200669 0.036842 0.043478
0 0.081053 0.238294 0.048421 0.038462
0 0.021579 0.191472 0.024211 0.048495
0 0.088947 0.283445 0.060000 0.045151
0 0.042632 0.256689 0.032632 0.061873
0 0.038421 0.290134 0.047368 0.055184
0 0.033158 0.355351 0.083158 0.102007
0 0.963158 0.280100 0.054737 0.075251
0 0.927203 0.806020 0.161774 0.113712
