0 0.441053 0.468227 0.124211 0.070234
0 0.900526 0.520903 0.114737 0.081940
0 0.056316 0.158863 0.038947 0.026756
0 0.129474 0.176421 0.035789 0.038462
0 0.097895 0.137960 0.029474 0.035117
0 0.295263 0.185619 0.057895 0.050167
0 0.964737 0.570234 0.095789 0.123746
0 0.070000 0.198997 0.036842 0.043478
0 0.081053 0.236622 0.048421 0.038462
0 0.017368 0.189799 0.024211 0.048495
0 0.088947 0.280100 0.060000 0.045151
0 0.043684 0.256689 0.032632 0.061873
0 0.039474 0.285117 0.045263 0.051839
0 0.032105 0.353679 0.083158 0.102007
0 0.984211 0.286789 0.054737 0.075251
0 0.877839 0.802676 0.189362 0.113712
