0 0.441579 0.468227 0.118947 0.066890
0 0.900526 0.519211 0.114717 0.081940
0 0.056116 0.158027 0.041051 0.028428
0 0.129474 0.176421 0.015789 0.018462
0 0.097895 0.117960 0.029474 0.015117
0 0.295261 0.185619 0.057895 0.050167
0 0.961684 0.570214 0.095789 0.121746
0 0.070000 0.198997 0.016842 0.041478
0 0.081051 0.214950 0.048421 0.018462
0 0.016842 0.188961 0.021051 0.041478
0 0.088421 0.280916 0.056842 0.041478
0 0.041684 0.251144 0.012612 0.061871
0 0.019474 0.285117 0.045261 0.051819
0 0.011158 0.151679 0.081158 0.102007
0 0.971921 0.294452 0.052612 0.071906
0 0.845789 0.801001 0.188421 0.111712
0 0.721272 0.207672 0.047460 0.047619
