0 0.441579 0.468227 0.118947 0.066890
0 0.900526 0.519211 0.114717 0.081940
0 0.056116 0.158027 0.041051 0.028428
0 0.129474 0.176421 0.015789 0.018462
0 0.096842 0.117960 0.029474 0.015117
0 0.295261 0.185619 0.057895 0.050167
0 0.961684 0.570214 0.095789 0.121746
0 0.068947 0.197124 0.016842 0.041478
0 0.081051 0.211278 0.048421 0.018462
0 0.014211 0.188961 0.022105 0.046821
0 0.088421 0.277592 0.056842 0.041478
0 0.044717 0.251144 0.012612 0.061871
0 0.019474 0.281771 0.045261 0.051819
0 0.014211 0.152007 0.081158 0.102007
0 0.990526 0.100167 0.054717 0.075251
0 0.781051 0.796821 0.197895 0.118729
0 0.717819 0.215781 0.049474 0.048495
