0 0.441579 0.468227 0.118947 0.066890
0 0.900526 0.520901 0.114717 0.081940
0 0.055261 0.158027 0.041051 0.028428
0 0.129474 0.178094 0.015789 0.018462
0 0.096842 0.117960 0.029474 0.015117
0 0.295261 0.185619 0.057895 0.050167
0 0.964717 0.571906 0.095789 0.121746
0 0.061684 0.191980 0.016842 0.041478
0 0.078947 0.226589 0.048421 0.018462
0 0.086842 0.268195 0.051684 0.041806
0 0.046842 0.248128 0.012612 0.061871
0 0.040000 0.275920 0.042105 0.050167
0 0.015261 0.149498 0.078947 0.096990
0 0.620526 0.780916 0.188421 0.111712
