0 0.441579 0.468227 0.118947 0.066890
0 0.899474 0.519211 0.114717 0.081940
0 0.055261 0.158027 0.041051 0.028428
0 0.129474 0.174749 0.015789 0.018462
0 0.097895 0.117960 0.029474 0.015117
0 0.295261 0.185619 0.057895 0.050167
0 0.961684 0.571906 0.095789 0.121746
0 0.061684 0.192108 0.016842 0.041478
0 0.080000 0.225751 0.046116 0.016789
0 0.087168 0.267559 0.056842 0.041478
0 0.047168 0.248128 0.011579 0.058528
0 0.040000 0.274247 0.042105 0.050167
0 0.014211 0.147826 0.078947 0.096990
0 0.590000 0.775920 0.188421 0.111712
