0 0.441053 0.466555 0.124211 0.070234
0 0.900526 0.519231 0.114737 0.081940
0 0.055263 0.158027 0.041053 0.028428
0 0.129474 0.176421 0.035789 0.038462
0 0.097895 0.137960 0.029474 0.035117
0 0.295263 0.185619 0.057895 0.050167
0 0.963684 0.571906 0.095789 0.123746
0 0.062632 0.190635 0.036842 0.043478
0 0.080000 0.224080 0.046316 0.036789
0 0.087368 0.265886 0.056842 0.043478
0 0.047368 0.244983 0.031579 0.058528
0 0.040000 0.272575 0.042105 0.050167
0 0.035263 0.347826 0.078947 0.096990
0 0.559474 0.772575 0.180000 0.107023
