0 0.441579 0.468227 0.118947 0.066890
0 0.900526 0.519231 0.114737 0.081940
0 0.056316 0.158027 0.041053 0.028428
0 0.129474 0.176421 0.035789 0.038462
0 0.097895 0.137960 0.029474 0.035117
0 0.295263 0.185619 0.057895 0.050167
0 0.963684 0.573579 0.095789 0.123746
0 0.062632 0.190635 0.036842 0.043478
0 0.078947 0.224080 0.046316 0.036789
0 0.087368 0.267559 0.056842 0.043478
0 0.047368 0.246656 0.031579 0.058528
0 0.041053 0.274247 0.042105 0.050167
0 0.570298 0.779676 0.171579 0.102007
0 0.031848 0.328704 0.049126 0.064815
0 0.018110 0.380952 0.033305 0.082011
