0 0.441579 0.468227 0.118947 0.066890
0 0.899474 0.520903 0.114737 0.081940
0 0.056316 0.158027 0.041053 0.028428
0 0.129474 0.176421 0.035789 0.038462
0 0.097895 0.137960 0.029474 0.035117
0 0.295263 0.185619 0.057895 0.050167
0 0.964737 0.570234 0.095789 0.123746
0 0.059474 0.190635 0.036842 0.043478
0 0.078947 0.222408 0.046316 0.036789
0 0.086316 0.262542 0.056842 0.043478
0 0.047368 0.244983 0.031579 0.058528
0 0.040000 0.272575 0.042105 0.050167
0 0.512105 0.776756 0.171579 0.102007
0 0.031579 0.324415 0.048421 0.063545
0 0.018421 0.378763 0.032632 0.081940
