0 0.441579 0.468227 0.118947 0.066890
0 0.899474 0.519231 0.114737 0.081940
0 0.056316 0.158027 0.041053 0.028428
0 0.129474 0.174749 0.035789 0.038462
0 0.096842 0.137960 0.029474 0.035117
0 0.294211 0.183946 0.057895 0.050167
0 0.964737 0.571906 0.095789 0.123746
0 0.059474 0.188127 0.034737 0.041806
0 0.077895 0.220736 0.046316 0.036789
0 0.087368 0.262542 0.056842 0.043478
0 0.048421 0.243311 0.031579 0.058528
0 0.040526 0.269231 0.041053 0.046823
0 0.479474 0.771739 0.171579 0.102007
0 0.031579 0.322742 0.048421 0.063545
0 0.019474 0.377090 0.032632 0.081940
