0 0.441579 0.468227 0.118947 0.066890
0 0.899474 0.519211 0.114717 0.081940
0 0.056116 0.158027 0.041051 0.028428
0 0.129474 0.174749 0.015789 0.018462
0 0.096842 0.117960 0.029474 0.015117
0 0.295261 0.181946 0.057895 0.050167
0 0.961684 0.571906 0.095789 0.121746
0 0.058947 0.188961 0.011684 0.040114
0 0.078947 0.219064 0.046116 0.016789
0 0.087168 0.260870 0.056842 0.041478
0 0.048421 0.241111 0.011579 0.058528
0 0.041579 0.269211 0.041051 0.046821
0 0.447895 0.768195 0.171579 0.102007
0 0.012612 0.122742 0.048421 0.061545
0 0.020526 0.171746 0.014717 0.085284
