0 0.441579 0.468227 0.118947 0.066890
0 0.899474 0.519211 0.114717 0.081940
0 0.055261 0.158027 0.041051 0.028428
0 0.129474 0.174749 0.015789 0.018462
0 0.097895 0.117960 0.029474 0.015117
0 0.295261 0.185619 0.057895 0.050167
0 0.962612 0.571906 0.095789 0.121746
0 0.054717 0.187291 0.011684 0.040114
0 0.077168 0.214881 0.041158 0.015117
0 0.085789 0.258161 0.051684 0.041806
0 0.049474 0.241619 0.011579 0.058528
0 0.041579 0.269211 0.041051 0.046821
0 0.156116 0.761178 0.171579 0.102007
0 0.012612 0.121070 0.048421 0.061545
0 0.022612 0.170401 0.014717 0.085284
