0 0.440526 0.468227 0.118947 0.066890
0 0.899474 0.519211 0.114717 0.081940
0 0.055261 0.158027 0.041051 0.028428
0 0.110526 0.176421 0.015789 0.018462
0 0.097895 0.117960 0.029474 0.015117
0 0.294211 0.185619 0.057895 0.050167
0 0.961684 0.571906 0.095789 0.121746
0 0.054717 0.188961 0.011684 0.040114
0 0.077168 0.215719 0.041051 0.011445
0 0.085789 0.258161 0.051684 0.041806
0 0.050526 0.219967 0.011579 0.058528
0 0.040526 0.269211 0.041051 0.046821
0 0.155261 0.762542 0.161158 0.096990
0 0.011684 0.119198 0.048421 0.061545
0 0.017419 0.170401 0.047226 0.085284
0 0.851161 0.249119 0.060781 0.041651
