0 0.440526 0.468227 0.118947 0.066890
0 0.899474 0.519211 0.114717 0.081940
0 0.055261 0.158027 0.041051 0.028428
0 0.110526 0.176421 0.015789 0.018462
0 0.097895 0.117960 0.029474 0.015117
0 0.294211 0.185619 0.057895 0.050167
0 0.961684 0.571906 0.095789 0.121746
0 0.052612 0.185619 0.011684 0.040114
0 0.076116 0.212175 0.041051 0.011445
0 0.085789 0.255017 0.051684 0.041806
0 0.049474 0.219967 0.011579 0.058528
0 0.041579 0.267559 0.041051 0.046821
0 0.298421 0.761706 0.171579 0.102007
0 0.014717 0.117726 0.048421 0.061545
0 0.017895 0.167057 0.046116 0.085284
0 0.851051 0.245819 0.060000 0.041478
