0 0.440526 0.468227 0.118947 0.066890
0 0.898421 0.519211 0.114717 0.081940
0 0.055261 0.158027 0.041051 0.028428
0 0.128421 0.176421 0.015789 0.018462
0 0.097895 0.117960 0.029474 0.015117
0 0.295261 0.185619 0.057895 0.050167
0 0.961684 0.571906 0.095789 0.121746
0 0.052612 0.185619 0.011684 0.040114
0 0.076116 0.214047 0.041051 0.011445
0 0.085789 0.255017 0.051684 0.041806
0 0.049474 0.219967 0.011579 0.058528
0 0.041579 0.265886 0.041051 0.046821
0 0.294211 0.762542 0.180000 0.107021
0 0.011684 0.116054 0.048421 0.061545
0 0.016842 0.168729 0.046116 0.085284
0 0.866260 0.256401 0.060000 0.041478
