0 0.440526 0.468227 0.118947 0.066890
0 0.898421 0.520901 0.114717 0.081940
0 0.055261 0.158027 0.041051 0.028428
0 0.128421 0.176421 0.015789 0.018462
0 0.096842 0.117960 0.029474 0.015117
0 0.295261 0.185619 0.057895 0.050167
0 0.961684 0.571579 0.095789 0.121746
0 0.050526 0.187291 0.011684 0.040114
0 0.076116 0.210702 0.041051 0.011445
0 0.086842 0.251672 0.051579 0.018462
0 0.051579 0.218294 0.029474 0.055184
0 0.041579 0.265886 0.041051 0.046821
0 0.261579 0.759197 0.180000 0.107021
0 0.011684 0.117726 0.048421 0.061545
0 0.018947 0.167057 0.046116 0.085284
0 0.878719 0.259821 0.060000 0.041478
