0 0.440000 0.466555 0.124211 0.070214
0 0.898421 0.520901 0.114717 0.081940
0 0.055261 0.158027 0.041051 0.028428
0 0.128421 0.176421 0.015789 0.018462
0 0.096842 0.117960 0.029474 0.015117
0 0.295261 0.185619 0.057895 0.050167
0 0.961684 0.570214 0.095789 0.121746
0 0.050526 0.185619 0.011684 0.040114
0 0.075261 0.210702 0.041051 0.011445
0 0.086842 0.250000 0.051579 0.018462
0 0.051579 0.216622 0.029474 0.055184
0 0.041579 0.264214 0.041051 0.046821
0 0.226842 0.761706 0.188421 0.112040
0 0.014717 0.116054 0.048421 0.061545
0 0.018947 0.165185 0.046116 0.085284
0 0.887895 0.260870 0.060000 0.041478
