0 0.440526 0.468227 0.118947 0.066890
0 0.898421 0.520901 0.114717 0.081940
0 0.056116 0.158027 0.041051 0.028428
0 0.129474 0.176421 0.015789 0.018462
0 0.096842 0.116288 0.029474 0.015117
0 0.295261 0.185619 0.057895 0.050167
0 0.961684 0.570214 0.095789 0.121746
0 0.045261 0.182274 0.011684 0.040114
0 0.074717 0.206522 0.040000 0.011771
0 0.085789 0.245819 0.049474 0.016789
0 0.051579 0.211278 0.029474 0.055184
0 0.042612 0.260870 0.041051 0.046821
0 0.099474 0.760870 0.180000 0.107021
0 0.015789 0.111017 0.048421 0.061545
0 0.021051 0.158696 0.046116 0.085284
0 0.912181 0.280162 0.066116 0.046821
