0 0.440000 0.466555 0.124211 0.070234
0 0.898421 0.519231 0.114737 0.081940
0 0.056316 0.158027 0.041053 0.028428
0 0.129474 0.178094 0.035789 0.038462
0 0.097895 0.136288 0.029474 0.035117
0 0.295263 0.185619 0.057895 0.050167
0 0.963684 0.573579 0.095789 0.123746
0 0.042105 0.182274 0.033684 0.040134
0 0.073158 0.204013 0.041053 0.033445
0 0.085789 0.240803 0.049474 0.036789
0 0.052632 0.229933 0.029474 0.055184
0 0.042632 0.260870 0.041053 0.046823
0 0.036842 0.307692 0.048421 0.063545
0 0.023684 0.352007 0.049474 0.088629
0 0.969474 0.290134 0.069474 0.048495
