0 0.440526 0.466555 0.118947 0.066890
0 0.899474 0.519211 0.114717 0.081940
0 0.056116 0.158861 0.018947 0.026756
0 0.129474 0.178094 0.015789 0.018462
0 0.097895 0.119612 0.029474 0.015117
0 0.294211 0.185619 0.057895 0.050167
0 0.961684 0.571906 0.095789 0.121746
0 0.041051 0.182274 0.011684 0.040114
0 0.071051 0.204011 0.041051 0.011445
0 0.085261 0.219967 0.046116 0.015117
0 0.054717 0.229911 0.029474 0.055184
0 0.042612 0.260870 0.041051 0.046821
0 0.017895 0.106020 0.048421 0.061545
0 0.024717 0.149498 0.051579 0.091645
0 0.982105 0.296821 0.069474 0.048495
