0 0.440526 0.466555 0.118947 0.066890
0 0.897895 0.519231 0.120000 0.085284
0 0.056316 0.158027 0.041053 0.028428
0 0.128421 0.174749 0.035789 0.038462
0 0.097895 0.137960 0.029474 0.035117
0 0.295263 0.185619 0.057895 0.050167
0 0.964737 0.571906 0.095789 0.123746
0 0.033158 0.179766 0.034737 0.041806
0 0.068947 0.200669 0.041053 0.033445
0 0.085263 0.236622 0.046316 0.035117
0 0.054737 0.228261 0.029474 0.055184
0 0.043684 0.257525 0.041053 0.046823
0 0.040000 0.299331 0.048421 0.063545
0 0.027895 0.341137 0.051579 0.093645
