0 0.440526 0.466555 0.118947 0.066890
0 0.897895 0.520903 0.120000 0.085284
0 0.056316 0.158027 0.041053 0.028428
0 0.128421 0.176421 0.035789 0.038462
0 0.097895 0.137960 0.029474 0.035117
0 0.295263 0.185619 0.057895 0.050167
0 0.963684 0.573579 0.095789 0.123746
0 0.032105 0.178094 0.034737 0.041806
0 0.066842 0.200669 0.041053 0.033445
0 0.085263 0.234950 0.046316 0.035117
0 0.055789 0.224916 0.029474 0.055184
0 0.043684 0.257525 0.041053 0.046823
0 0.041053 0.297659 0.048421 0.063545
0 0.026842 0.339465 0.051579 0.093645
