0 0.440526 0.466555 0.118947 0.066890
0 0.897895 0.519211 0.120000 0.085284
0 0.054717 0.158027 0.042105 0.028428
0 0.128421 0.176421 0.015789 0.018462
0 0.097895 0.117960 0.029474 0.015117
0 0.295261 0.185619 0.057895 0.050167
0 0.961684 0.570214 0.095789 0.121746
0 0.028421 0.178910 0.011684 0.040114
0 0.064717 0.197124 0.041051 0.011445
0 0.084211 0.211605 0.046116 0.015117
0 0.056842 0.221572 0.029474 0.055184
0 0.044717 0.255851 0.041051 0.046821
0 0.041051 0.295987 0.046116 0.060201
0 0.028947 0.116120 0.051579 0.091645
