0 0.440526 0.466555 0.118947 0.066890
0 0.896842 0.520903 0.120000 0.085284
0 0.054737 0.159699 0.042105 0.028428
0 0.128421 0.176421 0.035789 0.038462
0 0.097895 0.137960 0.029474 0.035117
0 0.295263 0.185619 0.057895 0.050167
0 0.964737 0.570234 0.095789 0.123746
0 0.027368 0.177258 0.033684 0.040134
0 0.063684 0.197324 0.041053 0.033445
0 0.084211 0.231605 0.046316 0.035117
0 0.057895 0.221572 0.029474 0.055184
0 0.044737 0.255853 0.041053 0.046823
0 0.041053 0.295151 0.044211 0.058528
0 0.031053 0.335284 0.049474 0.088629
