0 0.440526 0.466555 0.118947 0.066890
0 0.897895 0.519211 0.120000 0.085284
0 0.055261 0.159699 0.041051 0.028428
0 0.129474 0.176421 0.015789 0.018462
0 0.097895 0.117960 0.029474 0.015117
0 0.295261 0.185619 0.057895 0.050167
0 0.961684 0.570214 0.095789 0.121746
0 0.026116 0.177258 0.011684 0.040114
0 0.061684 0.195652 0.041051 0.011445
0 0.084211 0.210769 0.044211 0.011445
0 0.057895 0.221572 0.029474 0.055184
0 0.044717 0.255851 0.041051 0.046821
0 0.042105 0.291478 0.044211 0.058528
0 0.010000 0.111612 0.049474 0.088629
