0 0.440526 0.466555 0.118947 0.066890
0 0.897895 0.519211 0.120000 0.085284
0 0.055261 0.159699 0.041051 0.028428
0 0.128421 0.176421 0.015789 0.018462
0 0.097895 0.117960 0.029474 0.015117
0 0.295261 0.185619 0.057895 0.050167
0 0.961684 0.571906 0.095789 0.121746
0 0.022612 0.176421 0.014717 0.041806
0 0.059474 0.191980 0.041051 0.011445
0 0.084211 0.227425 0.044211 0.011445
0 0.058947 0.218227 0.029474 0.055184
0 0.041684 0.255017 0.018947 0.045151
0 0.044211 0.290114 0.044211 0.058528
0 0.012105 0.126921 0.049474 0.088629
