0 0.441579 0.464883 0.118947 0.066890
0 0.896842 0.517559 0.120000 0.085284
0 0.054211 0.158027 0.041053 0.028428
0 0.129474 0.176421 0.035789 0.038462
0 0.096842 0.137960 0.029474 0.035117
0 0.294211 0.183946 0.057895 0.050167
0 0.963684 0.570234 0.095789 0.123746
0 0.022632 0.176421 0.034737 0.041806
0 0.056316 0.192308 0.041053 0.033445
0 0.083158 0.227425 0.044211 0.033445
0 0.058947 0.216555 0.029474 0.055184
0 0.043684 0.253344 0.038947 0.045151
0 0.044211 0.285953 0.046316 0.060201
0 0.031053 0.325251 0.049474 0.088629
0 -0.002632 0.392140 0.083158 0.055184
