0 0.441579 0.466555 0.118947 0.066890
0 0.895789 0.517559 0.120000 0.085284
0 0.054211 0.159699 0.041051 0.028428
0 0.128421 0.176421 0.015789 0.018462
0 0.097895 0.117960 0.029474 0.015117
0 0.295261 0.185619 0.057895 0.050167
0 0.961684 0.571906 0.095789 0.121746
0 0.022105 0.175585 0.015789 0.041478
0 0.047168 0.189799 0.042105 0.015117
0 0.081158 0.222408 0.044211 0.011445
0 0.060000 0.211211 0.029474 0.055184
0 0.044717 0.251144 0.018947 0.045151
0 0.045261 0.279264 0.046116 0.060201
0 0.014211 0.118562 0.049474 0.088629
0 -0.002612 0.184615 0.091579 0.060201
