0 0.441579 0.466555 0.118947 0.066890
0 0.896842 0.519231 0.120000 0.085284
0 0.054211 0.159699 0.041053 0.028428
0 0.128421 0.176421 0.035789 0.038462
0 0.096842 0.137960 0.029474 0.035117
0 0.294211 0.183946 0.057895 0.050167
0 0.962632 0.571906 0.095789 0.123746
0 0.036842 0.189799 0.042105 0.035117
0 0.083158 0.219900 0.042105 0.031773
0 0.062105 0.208194 0.027368 0.051839
0 0.044737 0.251672 0.038947 0.045151
0 0.047368 0.275920 0.046316 0.060201
0 0.036842 0.311037 0.046316 0.083612
0 -0.003158 0.379599 0.101053 0.066890
