0 0.441579 0.466555 0.118947 0.066890
0 0.896842 0.519231 0.120000 0.085284
0 0.054211 0.158027 0.041053 0.028428
0 0.128421 0.176421 0.035789 0.038462
0 0.097895 0.137960 0.029474 0.035117
0 0.295263 0.187291 0.057895 0.050167
0 0.962632 0.571906 0.095789 0.123746
0 0.034737 0.188127 0.042105 0.035117
0 0.083158 0.217391 0.040000 0.030100
0 0.062105 0.208194 0.027368 0.051839
0 0.045789 0.253344 0.038947 0.045151
0 0.047368 0.274247 0.046316 0.060201
0 0.036842 0.307692 0.046316 0.083612
0 -0.004211 0.376254 0.111579 0.073579
