0 0.441579 0.464883 0.118947 0.066890
0 0.895789 0.519231 0.120000 0.085284
0 0.053158 0.158027 0.041053 0.028428
0 0.129474 0.176421 0.035789 0.038462
0 0.097895 0.137960 0.029474 0.035117
0 0.295263 0.185619 0.057895 0.050167
0 0.962632 0.571906 0.095789 0.123746
0 0.031053 0.185619 0.041053 0.033445
0 0.082105 0.214883 0.037895 0.028428
0 0.062105 0.203177 0.027368 0.051839
0 0.045263 0.250836 0.040000 0.046823
0 0.047368 0.267559 0.046316 0.060201
0 0.038947 0.302676 0.046316 0.083612
0 -0.005263 0.371237 0.117895 0.076923
