0 0.440526 0.464883 0.118947 0.066890
0 0.895789 0.520903 0.120000 0.085284
0 0.054211 0.158027 0.041053 0.028428
0 0.129474 0.178094 0.035789 0.038462
0 0.097895 0.137960 0.029474 0.035117
0 0.296316 0.187291 0.057895 0.050167
0 0.961579 0.570234 0.095789 0.123746
0 0.076842 0.198161 0.037895 0.028428
0 0.055789 0.184783 0.029474 0.055184
0 0.047895 0.241639 0.038947 0.045151
0 0.053158 0.250836 0.043158 0.056856
0 0.047368 0.281773 0.040000 0.071906
0 0.034211 0.326087 0.045263 0.060201
0 0.861053 0.826923 0.221053 0.162207
0 0.016842 0.208194 0.042105 0.081940
