0 0.440526 0.464881 0.118947 0.066890
0 0.896842 0.520901 0.120000 0.085284
0 0.054211 0.158027 0.041051 0.028428
0 0.129474 0.178094 0.015789 0.018462
0 0.096842 0.117960 0.029474 0.015117
0 0.296116 0.187291 0.057895 0.050167
0 0.962612 0.571906 0.095789 0.121746
0 0.076842 0.196488 0.017895 0.028428
0 0.055789 0.181110 0.029474 0.055184
0 0.048947 0.219967 0.018947 0.045151
0 0.051158 0.250816 0.041158 0.056856
0 0.047168 0.281771 0.040000 0.071906
0 0.015261 0.126087 0.045261 0.060201
0 0.826116 0.826087 0.210526 0.151846
0 0.016842 0.208194 0.042105 0.081940
