0 0.440526 0.466555 0.118947 0.066890
0 0.896842 0.519231 0.120000 0.085284
0 0.054211 0.158027 0.041053 0.028428
0 0.129474 0.178094 0.035789 0.038462
0 0.096842 0.137960 0.029474 0.035117
0 0.295263 0.187291 0.057895 0.050167
0 0.962632 0.571906 0.095789 0.123746
0 0.075789 0.195652 0.040000 0.030100
0 0.053684 0.181438 0.029474 0.055184
0 0.047895 0.238294 0.038947 0.045151
0 0.053158 0.249164 0.043158 0.056856
0 0.048421 0.280100 0.040000 0.071906
0 0.035263 0.322742 0.045263 0.060201
0 0.763158 0.830268 0.212632 0.145485
0 0.017895 0.206522 0.042105 0.081940
