0 0.441579 0.466555 0.118947 0.066890
0 0.896842 0.519211 0.120000 0.085284
0 0.054211 0.158027 0.041051 0.028428
0 0.129474 0.176421 0.015789 0.018462
0 0.097895 0.117960 0.029474 0.015117
0 0.295261 0.185619 0.057895 0.050167
0 0.962612 0.570214 0.095789 0.121746
0 0.074717 0.191144 0.042105 0.011771
0 0.050526 0.179766 0.029474 0.055184
0 0.047895 0.218294 0.018947 0.045151
0 0.051158 0.247492 0.041158 0.056856
0 0.048421 0.276756 0.017895 0.068562
0 0.015261 0.121070 0.041158 0.056856
0 0.611051 0.819465 0.214717 0.160515
0 0.020000 0.201177 0.042105 0.081940
