0 0.441579 0.466555 0.118947 0.066890
0 0.896842 0.520901 0.120000 0.085284
0 0.054211 0.158027 0.041051 0.028428
0 0.129474 0.176421 0.015789 0.018462
0 0.097895 0.117960 0.029474 0.015117
0 0.295261 0.185619 0.057895 0.050167
0 0.962612 0.571906 0.095789 0.121746
0 0.070526 0.190615 0.044211 0.011445
0 0.048947 0.211278 0.016842 0.041806
0 0.051158 0.245819 0.041158 0.056856
0 0.048947 0.275084 0.016842 0.065217
0 0.017168 0.114181 0.041158 0.056856
0 0.110526 0.852007 0.212612 0.145485
0 0.021158 0.199811 0.042105 0.081940
