0 0.441579 0.466555 0.118947 0.066890
0 0.896842 0.519211 0.120000 0.085284
0 0.051158 0.158861 0.018947 0.026756
0 0.129474 0.174749 0.015789 0.018462
0 0.097895 0.117960 0.029474 0.015117
0 0.295261 0.185619 0.057895 0.050167
0 0.961579 0.571579 0.095789 0.121746
0 0.068421 0.186455 0.042105 0.011771
0 0.048947 0.211278 0.016842 0.041806
0 0.051158 0.244147 0.041158 0.056856
0 0.050000 0.271411 0.016842 0.065217
0 0.017168 0.112709 0.041158 0.056856
0 0.205261 0.857860 0.221158 0.151846
0 0.022765 0.199811 0.047101 0.081940
