0 0.440526 0.468227 0.118947 0.066890
0 0.895789 0.520903 0.120000 0.085284
0 0.053158 0.159699 0.041053 0.028428
0 0.129474 0.176421 0.035789 0.038462
0 0.096842 0.137960 0.029474 0.035117
0 0.295263 0.185619 0.057895 0.050167
0 0.961579 0.571906 0.095789 0.123746
0 0.067368 0.186455 0.042105 0.031773
0 0.048947 0.231605 0.036842 0.041806
0 0.053158 0.244147 0.043158 0.056856
0 0.051053 0.271739 0.036842 0.065217
0 0.037368 0.312709 0.041053 0.053512
0 0.120000 0.858696 0.212632 0.145485
0 0.022105 0.198161 0.046316 0.081940
