0 0.440526 0.468227 0.118947 0.066890
0 0.895789 0.519211 0.120000 0.085284
0 0.054211 0.158027 0.041051 0.028428
0 0.128421 0.176421 0.015789 0.018462
0 0.096842 0.119612 0.029474 0.015117
0 0.295261 0.185619 0.057895 0.050167
0 0.962612 0.571579 0.095789 0.121746
0 0.067168 0.186455 0.042105 0.011771
0 0.050000 0.211278 0.016842 0.041806
0 0.054211 0.244147 0.041158 0.056856
0 0.049474 0.271719 0.017895 0.068562
0 0.018421 0.109165 0.041051 0.051512
0 0.065261 0.861712 0.212612 0.145485
0 0.022105 0.198161 0.046116 0.081940
