0 0.440526 0.468227 0.118947 0.066890
0 0.895789 0.519231 0.120000 0.085284
0 0.054211 0.158027 0.041053 0.028428
0 0.128421 0.176421 0.035789 0.038462
0 0.097895 0.139632 0.029474 0.035117
0 0.295263 0.185619 0.057895 0.050167
0 0.961579 0.570234 0.095789 0.123746
0 0.066316 0.184783 0.042105 0.031773
0 0.050000 0.229933 0.036842 0.041806
0 0.054211 0.242475 0.043158 0.056856
0 0.050526 0.270067 0.037895 0.068562
0 0.038421 0.311037 0.041053 0.053512
0 0.031579 0.863712 0.212632 0.145485
0 0.024211 0.196488 0.046316 0.081940
