0 0.440526 0.466555 0.118947 0.066890
0 0.894737 0.519231 0.120000 0.085284
0 0.054211 0.158027 0.041053 0.028428
0 0.128421 0.176421 0.035789 0.038462
0 0.097895 0.139632 0.029474 0.035117
0 0.295263 0.183946 0.057895 0.050167
0 0.962632 0.571906 0.095789 0.123746
0 0.065263 0.183946 0.044211 0.033445
0 0.050000 0.231605 0.036842 0.041806
0 0.054211 0.242475 0.043158 0.056856
0 0.049474 0.270067 0.037895 0.068562
0 0.039474 0.309365 0.041053 0.053512
0 0.024211 0.196488 0.046316 0.081940
0 0.040175 0.868386 0.144046 0.167989
