0 0.200000 0.584448 0.107368 0.081940
0 0.441579 0.469900 0.118947 0.066890
0 0.905789 0.519231 0.114737 0.081940
0 0.033684 0.409699 0.088421 0.170569
0 0.026842 0.260033 0.036842 0.041806
0 0.061579 0.190635 0.032632 0.033445
0 0.056316 0.165552 0.043158 0.030100
0 0.129474 0.177258 0.033684 0.036789
4 0.016842 0.618729 0.035789 0.076923
4 0.585263 0.232441 0.098947 0.103679
5 0.784211 0.461538 0.050526 0.160535
0 0.097895 0.139632 0.029474 0.035117
0 0.295263 0.190635 0.057895 0.050167
1 0.126842 0.389632 0.038947 0.050167