0 0.130000 0.512542 0.102105 0.078595
0 0.441579 0.469900 0.118947 0.066890
0 0.906842 0.519231 0.114737 0.081940
0 0.002105 0.371237 0.080000 0.153846
0 0.031053 0.243311 0.036842 0.041806
0 0.056316 0.164716 0.045263 0.031773
0 0.129474 0.177258 0.033684 0.036789
4 0.017895 0.619565 0.037895 0.081940
4 0.584211 0.229097 0.098947 0.103679
5 0.783158 0.461538 0.050526 0.160535
0 0.098947 0.137960 0.029474 0.035117
0 0.295263 0.190635 0.057895 0.050167
1 0.095263 0.360368 0.034737 0.045151
2 0.093158 0.337793 0.015789 0.050167
0 0.856842 0.244983 0.058947 0.055184