0 0.105789 0.479933 0.083158 0.063545
0 0.441579 0.468227 0.118947 0.066890
0 0.905789 0.519231 0.114737 0.081940
0 -0.010526 0.355351 0.084211 0.162207
0 0.033158 0.235786 0.034737 0.040134
0 0.056316 0.163880 0.043158 0.030100
0 0.130526 0.177258 0.033684 0.036789
4 0.016842 0.621237 0.040000 0.085284
4 0.584211 0.232441 0.098947 0.103679
5 0.784211 0.461538 0.050526 0.160535
0 0.097895 0.137960 0.029474 0.035117
0 0.296316 0.188963 0.057895 0.050167
1 0.086316 0.344482 0.035789 0.046823
2 0.084211 0.323579 0.014737 0.045151
0 0.892646 0.258697 0.061053 0.056856
0 0.961071 0.813492 0.124063 0.119048
0 0.994377 0.560847 0.075770 0.097884