0 0.097895 0.469900 0.080000 0.060201
0 0.440526 0.468227 0.118947 0.066890
0 0.905789 0.519231 0.114737 0.081940
0 -0.014737 0.349498 0.088421 0.170569
0 0.033158 0.232441 0.034737 0.040134
0 0.056316 0.163880 0.043158 0.030100
0 0.129474 0.177258 0.033684 0.036789
4 0.017895 0.621237 0.037895 0.081940
4 0.584211 0.232441 0.098947 0.103679
5 0.784211 0.459866 0.050526 0.160535
0 0.097895 0.137960 0.029474 0.035117
0 0.296316 0.187291 0.057895 0.050167
1 0.083158 0.339465 0.035789 0.046823
2 0.081053 0.318562 0.014737 0.045151
0 0.900000 0.260870 0.061053 0.056856
0 0.907895 0.816890 0.123158 0.118729
0 0.990000 0.562709 0.078947 0.102007