0 0.065263 0.403010 0.080000 0.060201
0 0.440526 0.469900 0.118947 0.066890
0 0.905789 0.519231 0.114737 0.081940
0 0.040000 0.216555 0.031579 0.035117
0 0.056316 0.163880 0.043158 0.030100
0 0.129474 0.178930 0.033684 0.036789
4 0.017895 0.621237 0.037895 0.081940
4 0.584211 0.232441 0.098947 0.103679
5 0.783158 0.463211 0.050526 0.160535
0 0.097895 0.139632 0.029474 0.035117
0 0.295263 0.188963 0.057895 0.050167
1 0.074737 0.301003 0.035789 0.046823
2 0.070526 0.281773 0.012632 0.038462
0 0.966842 0.573579 0.095789 0.123746
0 0.519474 0.809365 0.196842 0.140468
0 0.911053 0.262542 0.064211 0.033445
2 0.021579 0.285117 0.020000 0.051839
0 0.960526 0.898829 0.100000 0.168896