0 0.060000 0.384615 0.080000 0.060201
0 0.441579 0.469900 0.118947 0.066890
0 0.905789 0.519231 0.114737 0.081940
0 0.040000 0.214883 0.031579 0.035117
0 0.056316 0.163880 0.043158 0.030100
0 0.129474 0.178930 0.033684 0.036789
4 0.018947 0.621237 0.037895 0.081940
4 0.584211 0.230769 0.098947 0.103679
5 0.782632 0.462375 0.047368 0.152174
0 0.098947 0.139632 0.029474 0.035117
0 0.296316 0.187291 0.057895 0.050167
1 0.072632 0.292642 0.035789 0.046823
2 0.069474 0.275084 0.012632 0.038462
0 0.966842 0.573579 0.095789 0.123746
0 0.401579 0.799331 0.196842 0.140468
2 0.032105 0.283445 0.020000 0.051839
0 0.941921 0.276455 0.064113 0.047619
0 0.885301 0.894841 0.250624 0.194444