0 0.048947 0.340301 0.068421 0.051839
0 0.441579 0.469900 0.118947 0.066890
0 0.905789 0.519231 0.114737 0.081940
0 0.040526 0.204849 0.028421 0.031773
0 0.056316 0.165552 0.043158 0.030100
0 0.130526 0.177258 0.033684 0.036789
4 0.017895 0.621237 0.037895 0.081940
4 0.584211 0.232441 0.098947 0.103679
5 0.782105 0.461538 0.050526 0.160535
0 0.098947 0.139632 0.029474 0.035117
0 0.296316 0.190635 0.057895 0.050167
1 0.066842 0.266722 0.034737 0.045151
2 0.064737 0.251672 0.011579 0.035117
0 0.965789 0.571906 0.095789 0.123746
0 0.025263 0.785117 0.187368 0.132107
2 0.060526 0.277592 0.017895 0.046823
0 0.053684 0.439799 0.082105 0.056856
0 0.362632 0.875418 0.306316 0.222408
0 0.940255 0.810847 0.140716 0.113757
2 0.175062 0.265212 0.014155 0.035714