0 0.047895 0.338629 0.068421 0.051839
0 0.441579 0.468227 0.118947 0.066890
0 0.904737 0.519231 0.114737 0.081940
0 0.040526 0.203177 0.028421 0.031773
0 0.057368 0.163880 0.043158 0.030100
0 0.130526 0.177258 0.033684 0.036789
4 0.017895 0.621237 0.037895 0.081940
4 0.583158 0.232441 0.098947 0.103679
5 0.783158 0.461538 0.050526 0.160535
0 0.098947 0.139632 0.029474 0.035117
0 0.296316 0.188963 0.057895 0.050167
1 0.064737 0.265050 0.034737 0.045151
2 0.064211 0.249164 0.010526 0.033445
0 0.965789 0.571906 0.095789 0.123746
2 0.061579 0.277592 0.017895 0.046823
0 0.058947 0.433110 0.082105 0.056856
0 0.317368 0.876254 0.321053 0.234114
2 0.172564 0.263228 0.014155 0.039683
0 0.928599 0.807540 0.160699 0.117725