0 0.041053 0.260870 0.056842 0.043478
0 0.441579 0.466555 0.118947 0.066890
0 0.904737 0.519231 0.114737 0.081940
0 0.055263 0.162207 0.043158 0.030100
0 0.128421 0.178094 0.035789 0.038462
4 0.017895 0.617893 0.037895 0.081940
4 0.583158 0.230769 0.098947 0.103679
5 0.782105 0.459866 0.050526 0.160535
0 0.096842 0.139632 0.029474 0.035117
0 0.295263 0.187291 0.057895 0.050167
1 0.050526 0.239130 0.033684 0.043478
2 0.047368 0.209866 0.010526 0.031773
0 0.965789 0.570234 0.095789 0.123746
2 0.121053 0.270067 0.018947 0.048495
0 0.089474 0.755017 0.170526 0.118729
2 0.123158 0.253344 0.014737 0.048495
0 0.081579 0.339465 0.053684 0.063545
0 0.064211 0.418896 0.080000 0.065217
0 0.005789 0.193980 0.032632 0.036789
0 0.018421 0.368729 0.032632 0.058528