0 0.040000 0.237458 0.056842 0.043478
0 0.440526 0.468227 0.118947 0.066890
0 0.904737 0.520903 0.114737 0.081940
0 0.056316 0.160535 0.043158 0.030100
0 0.129474 0.176421 0.035789 0.038462
4 0.016842 0.619565 0.037895 0.081940
4 0.583158 0.232441 0.098947 0.103679
5 0.782105 0.459866 0.050526 0.160535
0 0.097895 0.137960 0.029474 0.035117
0 0.295263 0.183946 0.057895 0.050167
1 0.042105 0.222408 0.031579 0.040134
2 0.038947 0.201505 0.010526 0.031773
0 0.965789 0.571906 0.095789 0.123746
0 0.081053 0.314381 0.050526 0.060201
0 0.084737 0.378763 0.068421 0.055184
2 0.989474 0.321070 0.014737 0.040134
1 0.991579 0.329431 0.033684 0.033445
0 0.027368 0.332776 0.035789 0.073579
2 0.142632 0.261706 0.013684 0.051839
0 0.917358 0.825397 0.188176 0.164021