0 0.042105 0.229933 0.050526 0.038462
0 0.440526 0.468227 0.118947 0.066890
0 0.904737 0.517559 0.114737 0.081940
0 0.055263 0.160535 0.043158 0.030100
0 0.129474 0.178094 0.035789 0.038462
4 0.017368 0.617893 0.038947 0.085284
4 0.583158 0.230769 0.098947 0.103679
5 0.782105 0.459866 0.050526 0.160535
0 0.097895 0.139632 0.029474 0.035117
0 0.295263 0.187291 0.057895 0.050167
1 0.034737 0.217391 0.031579 0.040134
2 0.034211 0.200669 0.009474 0.030100
0 0.964737 0.571906 0.095789 0.123746
0 0.080000 0.307692 0.050526 0.060201
0 0.087895 0.368729 0.068421 0.055184
0 0.029474 0.322742 0.033684 0.070234
2 0.150000 0.260033 0.013684 0.051839
0 0.820000 0.817726 0.195789 0.170569
2 0.103684 0.256689 0.022105 0.058528
0 0.011053 0.477425 0.089474 0.068562