0 0.041053 0.228261 0.050526 0.038462
0 0.439474 0.468227 0.118947 0.066890
0 0.904737 0.517559 0.114737 0.081940
0 0.056316 0.159699 0.041053 0.028428
0 0.129474 0.178094 0.035789 0.038462
4 0.016316 0.617893 0.038947 0.085284
4 0.583158 0.232441 0.098947 0.103679
5 0.782105 0.459866 0.050526 0.160535
0 0.096842 0.139632 0.029474 0.035117
0 0.295263 0.185619 0.057895 0.050167
1 0.034737 0.217391 0.031579 0.040134
2 0.033158 0.200669 0.009474 0.030100
0 0.964737 0.570234 0.095789 0.123746
0 0.081053 0.306020 0.050526 0.060201
0 0.088947 0.367057 0.068421 0.055184
0 0.029474 0.319398 0.033684 0.070234
2 0.151053 0.260033 0.013684 0.051839
0 0.789474 0.821070 0.195789 0.170569
2 0.102632 0.256689 0.022105 0.058528
0 0.010000 0.479097 0.089474 0.068562