0 0.042105 0.223244 0.050526 0.038462
0 0.440526 0.468227 0.118947 0.066890
0 0.903684 0.517559 0.114737 0.081940
0 0.055263 0.162207 0.043158 0.030100
0 0.129474 0.176421 0.035789 0.038462
4 0.016316 0.617893 0.038947 0.085284
4 0.583158 0.230769 0.098947 0.103679
5 0.783158 0.459866 0.050526 0.160535
0 0.097895 0.137960 0.029474 0.035117
0 0.295263 0.185619 0.057895 0.050167
1 0.027368 0.217391 0.033684 0.043478
2 0.027368 0.201505 0.010526 0.031773
0 0.965789 0.570234 0.095789 0.123746
0 0.080000 0.301003 0.048421 0.056856
0 0.092105 0.353679 0.068421 0.055184
0 0.031579 0.311037 0.035789 0.073579
2 0.158421 0.260033 0.013684 0.051839
0 0.666316 0.817726 0.195789 0.170569
2 0.095789 0.257525 0.021053 0.056856
0 0.042632 0.452341 0.093684 0.071906