0 0.042105 0.219064 0.048421 0.036789
0 0.440526 0.466555 0.118947 0.066890
0 0.903684 0.519231 0.114737 0.081940
0 0.055263 0.160535 0.043158 0.030100
0 0.128421 0.176421 0.035789 0.038462
4 0.016316 0.617893 0.038947 0.085284
4 0.584211 0.234114 0.098947 0.103679
5 0.783158 0.459866 0.050526 0.160535
0 0.097895 0.139632 0.029474 0.035117
0 0.295263 0.185619 0.057895 0.050167
1 0.018421 0.213211 0.034737 0.045151
0 0.965789 0.571906 0.095789 0.123746
0 0.080000 0.297659 0.050526 0.060201
0 0.091579 0.346154 0.065263 0.053512
0 0.030526 0.301003 0.033684 0.070234
2 0.165789 0.260033 0.013684 0.055184
0 0.553762 0.814731 0.195789 0.170569
0 0.063158 0.433110 0.088421 0.066890
2 0.090966 0.258598 0.017485 0.051587