0 0.038947 0.202341 0.044211 0.033445
0 0.439474 0.466555 0.118947 0.066890
0 0.903684 0.519231 0.114737 0.081940
0 0.056316 0.160535 0.043158 0.030100
0 0.130000 0.175585 0.036842 0.040134
4 0.017368 0.619565 0.038947 0.085284
4 0.583158 0.232441 0.098947 0.103679
5 0.783158 0.461538 0.050526 0.160535
0 0.096842 0.139632 0.029474 0.035117
0 0.295263 0.186455 0.060000 0.051839
0 0.964737 0.571906 0.095789 0.123746
0 0.080000 0.289298 0.048421 0.056856
0 0.091053 0.324415 0.062105 0.050167
0 0.030526 0.285953 0.035789 0.073579
0 0.088947 0.819398 0.215789 0.187291
0 0.082105 0.382107 0.084211 0.065217
2 0.066842 0.260033 0.015789 0.048495
0 0.022632 0.358696 0.032632 0.071906
2 0.173158 0.263378 0.013684 0.051839
0 0.931096 0.824735 0.154038 0.189153