0 0.036842 0.201505 0.042105 0.031773
0 0.440526 0.466555 0.118947 0.066890
0 0.904737 0.519231 0.114737 0.081940
0 0.056316 0.160535 0.043158 0.030100
0 0.129474 0.178094 0.035789 0.038462
4 0.016316 0.619565 0.038947 0.085284
4 0.583158 0.230769 0.098947 0.103679
5 0.783158 0.461538 0.050526 0.160535
0 0.097895 0.137960 0.029474 0.035117
0 0.295263 0.186455 0.060000 0.051839
0 0.964737 0.570234 0.095789 0.123746
0 0.078947 0.290970 0.048421 0.056856
0 0.092105 0.319398 0.062105 0.050167
0 0.030526 0.282609 0.035789 0.073579
0 0.084737 0.375418 0.076842 0.058528
2 0.058421 0.256689 0.015789 0.048495
2 0.176316 0.263378 0.013684 0.051839
0 0.022105 0.358696 0.040000 0.075251
0 0.023158 0.820234 0.143158 0.128763
0 0.888632 0.818122 0.232306 0.178571