0 0.033684 0.199833 0.042105 0.031773
0 0.440526 0.466555 0.118947 0.066890
0 0.903684 0.519231 0.114737 0.081940
0 0.056316 0.160535 0.043158 0.030100
0 0.130526 0.176421 0.035789 0.038462
4 0.017368 0.617893 0.038947 0.085284
4 0.584211 0.230769 0.098947 0.103679
5 0.782105 0.461538 0.050526 0.160535
0 0.097895 0.139632 0.029474 0.035117
0 0.295263 0.184783 0.060000 0.051839
0 0.965789 0.570234 0.095789 0.123746
0 0.080000 0.289298 0.048421 0.056856
0 0.091053 0.316054 0.062105 0.050167
0 0.031579 0.279264 0.033684 0.070234
0 0.085263 0.367893 0.069474 0.053512
2 0.052105 0.258361 0.015789 0.045151
0 0.024211 0.352843 0.042105 0.080268
0 0.804211 0.820234 0.254737 0.165552