0 0.014737 0.190635 0.044211 0.033445
0 0.439474 0.466555 0.118947 0.066890
0 0.904737 0.519231 0.114737 0.081940
0 0.056316 0.160535 0.043158 0.030100
0 0.128421 0.176421 0.035789 0.038462
4 0.016316 0.617893 0.038947 0.085284
4 0.584211 0.230769 0.098947 0.103679
5 0.782105 0.459866 0.050526 0.160535
0 0.098947 0.139632 0.029474 0.035117
0 0.295263 0.184783 0.060000 0.051839
0 0.963684 0.570234 0.095789 0.123746
0 0.078947 0.282609 0.048421 0.056856
0 0.091579 0.306856 0.058947 0.048495
0 0.031579 0.272575 0.033684 0.070234
0 0.087895 0.352843 0.066316 0.050167
2 0.017895 0.255853 0.016842 0.050167
0 0.029474 0.331940 0.040000 0.075251
0 0.418947 0.820234 0.280000 0.182274
0 0.018421 0.397157 0.066316 0.071906
0 0.940672 0.824735 0.131557 0.144180