0 0.440526 0.464883 0.118947 0.066890
0 0.903684 0.519231 0.114737 0.081940
0 0.056316 0.159699 0.041053 0.028428
0 0.129474 0.176421 0.035789 0.038462
4 0.017368 0.615385 0.036842 0.080268
4 0.583158 0.229097 0.098947 0.103679
5 0.783158 0.459866 0.052632 0.167224
0 0.097895 0.137960 0.029474 0.035117
0 0.295263 0.185619 0.057895 0.050167
0 0.964737 0.571906 0.095789 0.123746
0 0.079474 0.239967 0.043158 0.051839
0 0.087895 0.282609 0.053684 0.043478
0 0.041053 0.230769 0.029474 0.060201
0 0.089474 0.323579 0.063158 0.048495
0 0.033684 0.296823 0.037895 0.071906
0 0.030000 0.344482 0.049474 0.056856
0 0.017895 0.391304 0.044211 0.066890