0 0.440526 0.464883 0.118947 0.066890
0 0.902632 0.519231 0.114737 0.081940
0 0.056316 0.159699 0.041053 0.028428
0 0.129474 0.176421 0.035789 0.038462
4 0.017368 0.617057 0.036842 0.080268
4 0.584211 0.229097 0.098947 0.103679
5 0.783158 0.459866 0.052632 0.167224
0 0.096842 0.137960 0.029474 0.035117
0 0.295263 0.185619 0.057895 0.050167
0 0.965789 0.571906 0.095789 0.123746
0 0.078421 0.239967 0.043158 0.051839
0 0.086842 0.282609 0.053684 0.043478
0 0.040000 0.229097 0.029474 0.060201
0 0.090526 0.323579 0.063158 0.048495
0 0.033684 0.296823 0.037895 0.071906
0 0.030000 0.344482 0.049474 0.056856
0 0.020000 0.387960 0.042105 0.063545