0 0.441579 0.466555 0.118947 0.066890
0 0.902632 0.520903 0.114737 0.081940
0 0.056316 0.158027 0.041053 0.028428
0 0.129474 0.176421 0.035789 0.038462
4 0.017368 0.617057 0.036842 0.080268
4 0.583158 0.229097 0.098947 0.103679
5 0.781579 0.459030 0.049474 0.158863
0 0.096842 0.137960 0.029474 0.035117
0 0.295263 0.187291 0.057895 0.050167
0 0.964737 0.571906 0.095789 0.123746
0 0.079474 0.228261 0.043158 0.051839
0 0.086316 0.270903 0.050526 0.040134
0 0.042105 0.219064 0.027368 0.056856
0 0.090526 0.316890 0.063158 0.048495
0 0.035263 0.286789 0.034737 0.065217
0 0.034211 0.333612 0.047368 0.055184
0 0.021579 0.384615 0.068421 0.083612