0 0.441579 0.466555 0.118947 0.066890
0 0.901579 0.519231 0.114737 0.081940
0 0.056316 0.159699 0.041053 0.028428
0 0.128421 0.176421 0.035789 0.038462
4 0.017368 0.616221 0.038947 0.085284
4 0.582105 0.229097 0.098947 0.103679
5 0.781579 0.459030 0.049474 0.158863
0 0.097895 0.139632 0.029474 0.035117
0 0.294211 0.185619 0.057895 0.050167
0 0.964737 0.571906 0.095789 0.123746
0 0.077368 0.222408 0.038947 0.046823
0 0.085263 0.264214 0.050526 0.040134
0 0.040000 0.210702 0.027368 0.056856
0 0.090526 0.313545 0.063158 0.048495
0 0.036316 0.278428 0.034737 0.065217
0 0.035263 0.323579 0.047368 0.055184
0 0.028421 0.377090 0.071579 0.088629