0 0.441579 0.466555 0.118947 0.066890
0 0.902632 0.519231 0.114737 0.081940
0 0.056316 0.158027 0.041053 0.028428
0 0.128421 0.176421 0.035789 0.038462
4 0.016316 0.617893 0.038947 0.085284
4 0.582105 0.229097 0.098947 0.103679
5 0.782632 0.457358 0.049474 0.158863
0 0.097895 0.139632 0.029474 0.035117
0 0.295263 0.185619 0.057895 0.050167
0 0.964737 0.573579 0.095789 0.123746
0 0.077368 0.215719 0.038947 0.046823
0 0.084211 0.258361 0.048421 0.038462
0 0.037895 0.204013 0.027368 0.056856
0 0.089474 0.305184 0.063158 0.048495
0 0.036316 0.273411 0.034737 0.065217
0 0.036316 0.311873 0.045263 0.051839
0 0.028947 0.369565 0.078947 0.096990