0 0.441579 0.466555 0.118947 0.066890
0 0.901579 0.519231 0.114737 0.081940
0 0.056316 0.158027 0.041053 0.028428
0 0.128421 0.176421 0.035789 0.038462
4 0.016316 0.617893 0.038947 0.085284
4 0.582105 0.229097 0.098947 0.103679
5 0.782632 0.459030 0.049474 0.158863
0 0.096842 0.139632 0.029474 0.035117
0 0.295263 0.185619 0.057895 0.050167
0 0.964737 0.573579 0.095789 0.123746
0 0.077368 0.212375 0.038947 0.046823
0 0.083158 0.253344 0.048421 0.038462
0 0.035263 0.202341 0.026316 0.053512
0 0.090526 0.301839 0.063158 0.048495
0 0.039474 0.268395 0.034737 0.065217
0 0.037368 0.306856 0.045263 0.051839
0 0.031053 0.366221 0.078947 0.096990