0 0.441579 0.466555 0.118947 0.066890
0 0.901579 0.520903 0.114737 0.081940
0 0.056316 0.158027 0.041053 0.028428
0 0.128421 0.176421 0.035789 0.038462
4 0.016316 0.617893 0.038947 0.085284
4 0.582105 0.229097 0.098947 0.103679
5 0.782632 0.459030 0.049474 0.158863
0 0.097895 0.139632 0.029474 0.035117
0 0.295263 0.185619 0.057895 0.050167
0 0.964737 0.570234 0.095789 0.123746
0 0.076316 0.209030 0.038947 0.046823
0 0.083158 0.251672 0.048421 0.038462
0 0.032632 0.199833 0.025263 0.051839
0 0.089474 0.298495 0.063158 0.048495
0 0.039474 0.268395 0.034737 0.065217
0 0.038421 0.305184 0.045263 0.051839
0 0.031053 0.362876 0.078947 0.096990
0 0.866873 0.249438 0.064211 0.036789