0 0.441579 0.468227 0.118947 0.066890
0 0.901579 0.519231 0.114737 0.081940
0 0.054737 0.158027 0.042105 0.028428
0 0.129474 0.178094 0.035789 0.038462
4 0.017368 0.617893 0.038947 0.085284
4 0.582105 0.229097 0.098947 0.103679
5 0.782105 0.459866 0.052632 0.167224
0 0.097895 0.137960 0.029474 0.035117
0 0.294211 0.185619 0.057895 0.050167
0 0.963684 0.571906 0.095789 0.123746
0 0.073158 0.200669 0.036842 0.043478
0 0.080000 0.239967 0.048421 0.038462
0 0.022632 0.191472 0.024211 0.048495
0 0.088947 0.286789 0.060000 0.045151
0 0.042632 0.258361 0.032632 0.061873
0 0.038421 0.290134 0.045263 0.051839
0 0.033158 0.355351 0.083158 0.102007
0 0.951579 0.275084 0.050526 0.068562
0 0.944288 0.806370 0.133228 0.113712