0 0.441579 0.468227 0.118947 0.066890
0 0.900526 0.519231 0.114737 0.081940
0 0.055263 0.158027 0.041053 0.028428
0 0.129474 0.178094 0.035789 0.038462
4 0.017368 0.617893 0.038947 0.085284
4 0.582105 0.229097 0.098947 0.103679
5 0.783158 0.459866 0.052632 0.167224
0 0.097895 0.137960 0.029474 0.035117
0 0.295263 0.185619 0.057895 0.050167
0 0.964737 0.570234 0.095789 0.123746
0 0.065789 0.193980 0.036842 0.043478
0 0.080000 0.228261 0.048421 0.038462
0 0.010526 0.185619 0.021053 0.043478
0 0.087895 0.271739 0.053684 0.041806
0 0.045789 0.251672 0.032632 0.061873
0 0.038947 0.279264 0.042105 0.050167
0 0.034211 0.351171 0.078947 0.096990
0 0.684737 0.785953 0.188421 0.113712