0 0.441579 0.468227 0.118947 0.066890
0 0.899474 0.520903 0.114737 0.081940
0 0.055263 0.158027 0.041053 0.028428
0 0.129474 0.174749 0.035789 0.038462
4 0.016316 0.617893 0.038947 0.085284
4 0.583158 0.229097 0.098947 0.103679
5 0.783158 0.461538 0.052632 0.167224
0 0.096842 0.137960 0.029474 0.035117
0 0.295263 0.187291 0.057895 0.050167
0 0.963684 0.570234 0.095789 0.123746
0 0.054737 0.187291 0.033684 0.040134
0 0.077368 0.216555 0.043158 0.035117
0 0.086842 0.256689 0.053684 0.041806
0 0.048421 0.241639 0.031579 0.058528
0 0.041579 0.269231 0.041053 0.046823
0 0.388947 0.765050 0.171579 0.102007
0 0.032632 0.319398 0.048421 0.063545
0 0.022632 0.372074 0.034737 0.085284