0 0.440526 0.468227 0.118947 0.066890
0 0.899474 0.519231 0.114737 0.081940
0 0.055263 0.158027 0.041053 0.028428
0 0.130526 0.176421 0.035789 0.038462
4 0.017368 0.617893 0.038947 0.085284
4 0.583158 0.227425 0.098947 0.103679
5 0.782105 0.459866 0.052632 0.167224
0 0.097895 0.137960 0.029474 0.035117
0 0.294211 0.185619 0.057895 0.050167
0 0.963684 0.571906 0.095789 0.123746
0 0.052632 0.185619 0.033684 0.040134
0 0.076316 0.212375 0.041053 0.033445
0 0.085789 0.255017 0.053684 0.041806
0 0.049474 0.239967 0.031579 0.058528
0 0.041579 0.267559 0.041053 0.046823
0 0.298421 0.761706 0.171579 0.102007
0 0.034737 0.317726 0.048421 0.063545
0 0.017895 0.367057 0.046316 0.085284
0 0.851053 0.245819 0.060000 0.043478