0 0.440526 0.466555 0.118947 0.066890
0 0.897895 0.520903 0.120000 0.085284
0 0.055263 0.158863 0.038947 0.026756
0 0.129474 0.178094 0.035789 0.038462
4 0.016316 0.617893 0.038947 0.085284
4 0.582105 0.229097 0.098947 0.103679
5 0.783158 0.459866 0.052632 0.167224
0 0.097895 0.136288 0.029474 0.035117
0 0.295263 0.185619 0.057895 0.050167
0 0.963684 0.571906 0.095789 0.123746
0 0.036842 0.180602 0.033684 0.040134
0 0.070000 0.200669 0.041053 0.033445
0 0.085263 0.236622 0.046316 0.035117
0 0.054737 0.229933 0.029474 0.055184
0 0.043684 0.259197 0.041053 0.046823
0 0.040000 0.301003 0.048421 0.063545
0 0.026842 0.344482 0.051579 0.093645