0 0.440526 0.466555 0.118947 0.066890
0 0.897895 0.519231 0.120000 0.085284
0 0.055263 0.159699 0.041053 0.028428
0 0.129474 0.176421 0.035789 0.038462
4 0.016316 0.616221 0.038947 0.085284
4 0.582105 0.227425 0.098947 0.103679
5 0.783158 0.459866 0.052632 0.167224
0 0.097895 0.137960 0.029474 0.035117
0 0.295263 0.185619 0.057895 0.050167
0 0.963684 0.570234 0.095789 0.123746
0 0.026316 0.177258 0.033684 0.040134
0 0.063684 0.195652 0.041053 0.033445
0 0.084211 0.230769 0.044211 0.033445
0 0.057895 0.221572 0.029474 0.055184
0 0.044737 0.255853 0.041053 0.046823
0 0.042105 0.293478 0.044211 0.058528
0 0.030000 0.333612 0.049474 0.088629