0 0.441579 0.466555 0.118947 0.066890
0 0.895789 0.519231 0.120000 0.085284
0 0.054211 0.158027 0.041053 0.028428
0 0.129474 0.176421 0.035789 0.038462
4 0.015263 0.614548 0.038947 0.085284
4 0.581053 0.227425 0.098947 0.103679
5 0.782105 0.458194 0.052632 0.167224
0 0.097895 0.137960 0.029474 0.035117
0 0.295263 0.185619 0.057895 0.050167
0 0.962632 0.570234 0.095789 0.123746
0 0.082105 0.210702 0.035789 0.026756
0 0.062105 0.198161 0.027368 0.051839
0 0.046316 0.247492 0.040000 0.046823
0 0.051053 0.260870 0.043158 0.056856
0 0.042105 0.296823 0.042105 0.075251
0 -0.005263 0.359532 0.117895 0.076923