0 0.440526 0.464883 0.118947 0.066890
0 0.896842 0.519231 0.120000 0.085284
0 0.054211 0.158027 0.041053 0.028428
0 0.129474 0.178094 0.035789 0.038462
4 0.014737 0.614548 0.040000 0.088629
4 0.582632 0.234114 0.097895 0.103679
5 0.782105 0.458194 0.052632 0.167224
0 0.097895 0.137960 0.029474 0.035117
0 0.296316 0.187291 0.057895 0.050167
0 0.962632 0.570234 0.095789 0.123746
0 0.077895 0.198161 0.037895 0.028428
0 0.055789 0.186455 0.027368 0.051839
0 0.047368 0.242475 0.040000 0.046823
0 0.052105 0.252508 0.043158 0.056856
0 0.046316 0.283445 0.040000 0.071906
0 0.034211 0.329431 0.045263 0.060201
0 0.897274 0.825251 0.221916 0.162207