0 0.441579 0.466555 0.118947 0.066890
0 0.896842 0.519231 0.120000 0.085284
0 0.054211 0.158027 0.041053 0.028428
0 0.129474 0.176421 0.035789 0.038462
4 0.013684 0.613712 0.042105 0.093645
4 0.583684 0.235786 0.097895 0.103679
5 0.781053 0.456522 0.052632 0.167224
0 0.097895 0.137960 0.029474 0.035117
0 0.295263 0.185619 0.057895 0.050167
0 0.961579 0.573579 0.095789 0.123746
0 0.072632 0.190635 0.044211 0.033445
0 0.050000 0.236622 0.038947 0.045151
0 0.053158 0.245819 0.043158 0.056856
0 0.050000 0.275084 0.036842 0.065217
0 0.037368 0.317726 0.043158 0.056856
0 0.412632 0.846154 0.223158 0.153846
0 0.022105 0.201505 0.042105 0.081940