0 0.441579 0.466555 0.118947 0.066890
0 0.895789 0.520903 0.120000 0.085284
0 0.054211 0.158863 0.038947 0.026756
0 0.129474 0.174749 0.035789 0.038462
4 0.013684 0.615385 0.042105 0.093645
4 0.583684 0.235786 0.097895 0.103679
5 0.781053 0.458194 0.052632 0.167224
0 0.097895 0.137960 0.029474 0.035117
0 0.295263 0.185619 0.057895 0.050167
0 0.961579 0.573579 0.095789 0.123746
0 0.070526 0.187291 0.044211 0.033445
0 0.048947 0.234950 0.036842 0.041806
0 0.053158 0.244147 0.043158 0.056856
0 0.050000 0.273411 0.036842 0.065217
0 0.038421 0.314381 0.043158 0.056856
0 0.289474 0.853679 0.212632 0.145485
0 0.024211 0.201505 0.042105 0.081940