0 0.440526 0.468227 0.118947 0.066890
0 0.895789 0.519231 0.120000 0.085284
0 0.054211 0.158027 0.041053 0.028428
0 0.128421 0.176421 0.035789 0.038462
4 0.014737 0.615385 0.042105 0.093645
4 0.583684 0.234114 0.097895 0.103679
5 0.781053 0.458194 0.052632 0.167224
0 0.096842 0.139632 0.029474 0.035117
0 0.295263 0.185619 0.057895 0.050167
0 0.962632 0.573579 0.095789 0.123746
0 0.067368 0.186455 0.042105 0.031773
0 0.050000 0.233278 0.036842 0.041806
0 0.054211 0.244147 0.043158 0.056856
0 0.049474 0.271739 0.037895 0.068562
0 0.038421 0.309365 0.041053 0.053512
0 0.065263 0.863712 0.212632 0.145485
0 0.022105 0.198161 0.046316 0.081940