0 0.440526 0.466555 0.118947 0.066890
0 0.896842 0.519231 0.120000 0.085284
0 0.054211 0.158027 0.041053 0.028428
0 0.129474 0.178094 0.035789 0.038462
4 0.013684 0.615385 0.042105 0.093645
4 0.583684 0.234114 0.097895 0.103679
5 0.781053 0.458194 0.052632 0.167224
0 0.097895 0.137960 0.029474 0.035117
0 0.295263 0.185619 0.057895 0.050167
0 0.962632 0.570234 0.095789 0.123746
0 0.055789 0.180602 0.040000 0.030100
0 0.050000 0.219064 0.034737 0.040134
0 0.054737 0.234114 0.046316 0.060201
0 0.050000 0.263378 0.036842 0.065217
0 0.040526 0.301839 0.038947 0.051839
0 0.020000 0.195652 0.040000 0.070234