0 0.509779 0.129427 0.014864 0.078125
2 0.011905 0.651691 0.020408 0.084615
0 0.068878 0.619121 0.085014 0.111979
0 0.058671 0.566406 0.107141 0.114581
0 0.128401 0.520182 0.071429 0.108071
0 0.220661 0.565755 0.090986 0.154948
0 0.241497 0.451776 0.059524 0.084615
0 0.140116 0.181510 0.062925 0.080729
0 0.155867 0.411594 0.072279 0.111979
0 0.187755 0.115755 0.042517 0.066406
0 0.411548 0.126172 0.048469 0.071615
0 0.410289 0.274740 0.016565 0.052081
0 0.449810 0.270811 0.019116 0.057292
0 0.426446 0.218281 0.016565 0.054688
0 0.442177 0.191159 0.015714 0.050781
0 0.451511 0.148418 0.010612 0.044271
0 0.495121 0.076172 0.011461 0.015156
0 0.498724 0.046224 0.017857 0.024740
0 0.512755 0.029297 0.025510 0.029948
0 0.512718 0.014121 0.024660 0.026042
2 0.521184 0.115885 0.012755 0.011250
2 0.449810 0.091146 0.008501 0.019062
2 0.458759 0.099609 0.012755 0.017760
0 0.161095 0.216128 0.059524 0.066406
2 0.585884 0.096154 0.011605 0.049479
0 0.611651 0.116621 0.071509 0.047491
0 0.629115 0.262511 0.065478 0.058047
0 0.627161 0.214169 0.056001 0.046174
0 0.627591 0.211720 0.055140 0.052770
0 0.627161 0.158971 0.011878 0.051451
0 0.558216 0.048151 0.024985 0.010141
0 0.521141 0.075198 0.011785 0.029024
0 0.515405 0.058707 0.018954 0.027704
0 0.169124 0.162269 0.011016 0.055409
0 0.145862 0.188654 0.027570 0.055409
0 0.192186 0.082454 0.012719 0.015620
0 0.161091 0.102902 0.011016 0.044855
0 0.419094 0.050112 0.014462 0.014101
0 0.444941 0.015620 0.014462 0.019578
