0 0.502976 0.165214 0.018265 0.087240
2 0.011905 0.651691 0.020408 0.084615
0 0.068878 0.619121 0.085014 0.111979
0 0.060174 0.565104 0.107141 0.114581
0 0.128401 0.522786 0.071429 0.108071
0 0.214711 0.572266 0.090986 0.154948
0 0.218946 0.458984 0.059524 0.084615
0 0.118415 0.184115 0.062925 0.080729
0 0.150765 0.416198 0.072279 0.111979
0 0.187755 0.115755 0.042517 0.066406
0 0.428146 0.111984 0.048469 0.071615
0 0.409419 0.274740 0.016565 0.052081
0 0.448980 0.277144 0.017415 0.054688
0 0.425595 0.216979 0.016565 0.054688
0 0.440476 0.191159 0.015714 0.050781
0 0.449810 0.149740 0.010612 0.044271
0 0.495121 0.074870 0.011461 0.015156
0 0.497024 0.044922 0.017857 0.024740
0 0.512755 0.010599 0.025510 0.029948
0 0.512718 0.014121 0.024660 0.026042
2 0.522959 0.115214 0.011605 0.012552
2 0.449810 0.091146 0.008501 0.019062
2 0.458759 0.098107 0.012755 0.017760
0 0.178919 0.206894 0.045068 0.057292
2 0.587160 0.096154 0.014456 0.052081
0 0.611651 0.116621 0.071509 0.047491
0 0.629115 0.262511 0.065478 0.058047
0 0.627161 0.214169 0.056001 0.046174
0 0.627591 0.211720 0.055140 0.052770
0 0.627161 0.158971 0.011878 0.051451
0 0.558216 0.048151 0.024985 0.010141
0 0.521141 0.075198 0.011785 0.029024
0 0.515405 0.058707 0.018954 0.027704
0 0.169124 0.162269 0.011016 0.055409
0 0.145862 0.188654 0.027570 0.055409
0 0.192186 0.082454 0.012719 0.015620
0 0.161091 0.102902 0.011016 0.044855
0 0.419094 0.050112 0.014462 0.014101
0 0.444941 0.015620 0.014462 0.019578
