0 0.482141 0.449870 0.042517 0.095052
2 0.012110 0.652144 0.019558 0.080729
0 0.069728 0.619121 0.085014 0.111979
0 0.059524 0.565104 0.107141 0.114581
0 0.129252 0.520182 0.071429 0.108071
0 0.196001 0.595701 0.090986 0.154948
0 0.212991 0.471107 0.059524 0.084615
0 0.119286 0.185417 0.062925 0.080729
0 0.140561 0.447917 0.072279 0.111979
0 0.187755 0.117057 0.040816 0.061802
0 0.421144 0.144401 0.048469 0.071615
0 0.410289 0.271418 0.016565 0.052081
0 0.445578 0.287760 0.019116 0.057292
0 0.425595 0.218281 0.016565 0.054688
0 0.441127 0.192057 0.015714 0.050781
0 0.449810 0.149740 0.010612 0.044271
0 0.497024 0.075521 0.029762 0.011854
0 0.498724 0.046224 0.017857 0.024740
0 0.511905 0.010599 0.025510 0.029948
0 0.511461 0.015625 0.022109 0.021418
2 0.527211 0.108071 0.015106 0.016458
2 0.448980 0.091797 0.008501 0.040165
2 0.458759 0.098958 0.012755 0.019062
0 0.401786 0.161458 0.048469 0.062500
2 0.589711 0.096154 0.016156 0.059896
2 0.598619 0.101562 0.015106 0.011854
0 0.611651 0.116621 0.071509 0.047491
0 0.629115 0.262511 0.065478 0.058047
0 0.627161 0.214169 0.056001 0.046174
0 0.627591 0.211720 0.055140 0.052770
0 0.627161 0.158971 0.011878 0.051451
0 0.558216 0.048151 0.024985 0.010141
0 0.521141 0.075198 0.011785 0.029024
0 0.515405 0.058707 0.018954 0.027704
0 0.169124 0.162269 0.011016 0.055409
0 0.145862 0.188654 0.027570 0.055409
0 0.192186 0.082454 0.012719 0.015620
0 0.161091 0.102902 0.011016 0.044855
0 0.419094 0.050112 0.014462 0.014101
0 0.444941 0.015620 0.014462 0.019578
