0 0.461110 0.518411 0.051871 0.115885
2 0.012110 0.651042 0.019558 0.080729
0 0.069728 0.619121 0.085014 0.111979
0 0.060174 0.565104 0.107141 0.114581
0 0.110102 0.521484 0.071429 0.108071
0 0.176871 0.616516 0.086715 0.147115
0 0.228741 0.481120 0.059524 0.084615
0 0.115884 0.185417 0.062925 0.080729
0 0.112058 0.454427 0.075680 0.117188
0 0.187755 0.117057 0.040816 0.061802
0 0.416241 0.150911 0.048469 0.071615
0 0.410289 0.274740 0.016565 0.052081
0 0.441127 0.295571 0.019116 0.057292
0 0.426446 0.218281 0.016565 0.054688
0 0.442177 0.190755 0.015714 0.050781
0 0.450680 0.149740 0.010612 0.044271
0 0.496171 0.075521 0.029762 0.011854
0 0.497024 0.044922 0.017857 0.024740
0 0.512755 0.029297 0.025510 0.029948
0 0.510187 0.016927 0.024660 0.026042
2 0.527211 0.108071 0.015106 0.016458
2 0.448980 0.091146 0.008501 0.019062
2 0.457908 0.097656 0.012755 0.019062
0 0.418167 0.124149 0.044218 0.055990
2 0.588861 0.095052 0.016156 0.059896
2 0.599490 0.098958 0.015106 0.011854
0 0.611651 0.116621 0.071509 0.047491
0 0.629115 0.262511 0.065478 0.058047
0 0.627161 0.214169 0.056001 0.046174
0 0.627591 0.211720 0.055140 0.052770
0 0.627161 0.158971 0.011878 0.051451
0 0.558216 0.048151 0.024985 0.010141
0 0.521141 0.075198 0.011785 0.029024
0 0.515405 0.058707 0.018954 0.027704
0 0.169124 0.162269 0.011016 0.055409
0 0.145862 0.188654 0.027570 0.055409
0 0.192186 0.082454 0.012719 0.015620
0 0.161091 0.102902 0.011016 0.044855
0 0.419094 0.050112 0.014462 0.014101
0 0.444941 0.015620 0.014462 0.019578
