0 0.456207 0.572266 0.051871 0.115885
2 0.012110 0.651042 0.019558 0.080729
0 0.068878 0.640625 0.085014 0.111979
0 0.059524 0.566406 0.107141 0.114581
0 0.129252 0.520182 0.071429 0.108071
0 0.171769 0.620441 0.086715 0.147115
0 0.228741 0.486128 0.059524 0.084615
0 0.114184 0.188021 0.062925 0.080729
0 0.111207 0.455729 0.075680 0.117188
0 0.187755 0.118159 0.040816 0.061802
0 0.415816 0.155469 0.051020 0.075521
0 0.410289 0.271418 0.016565 0.052081
0 0.440476 0.299479 0.019116 0.057292
0 0.425595 0.218281 0.016565 0.054688
0 0.440476 0.192057 0.015714 0.050781
0 0.450680 0.148418 0.010612 0.044271
0 0.496171 0.074219 0.029762 0.011854
0 0.497024 0.046224 0.017857 0.024740
0 0.512755 0.029297 0.025510 0.029948
0 0.529117 0.015625 0.024660 0.026042
2 0.527211 0.108071 0.015106 0.016458
2 0.448980 0.089844 0.008501 0.019062
2 0.457908 0.098107 0.012755 0.017760
0 0.424120 0.111912 0.044218 0.055990
2 0.588861 0.096154 0.016156 0.059896
0 0.611651 0.116621 0.071509 0.047491
0 0.629115 0.262511 0.065478 0.058047
0 0.627161 0.214169 0.056001 0.046174
0 0.627591 0.211720 0.055140 0.052770
0 0.627161 0.158971 0.011878 0.051451
0 0.558216 0.048151 0.024985 0.010141
0 0.521141 0.075198 0.011785 0.029024
0 0.515405 0.058707 0.018954 0.027704
0 0.169124 0.162269 0.011016 0.055409
0 0.145862 0.188654 0.027570 0.055409
0 0.192186 0.082454 0.012719 0.015620
0 0.161091 0.102902 0.011016 0.044855
0 0.419094 0.050112 0.014462 0.014101
0 0.444941 0.015620 0.014462 0.019578
