0 0.445578 0.695964 0.054422 0.144511
2 0.011905 0.651691 0.020408 0.084615
0 0.068878 0.618021 0.085014 0.111979
0 0.058671 0.565104 0.107141 0.114581
0 0.110102 0.520182 0.071429 0.108071
0 0.146259 0.618672 0.086715 0.147115
0 0.222789 0.514974 0.064626 0.114115
0 0.129507 0.192578 0.060174 0.076821
0 0.126105 0.460918 0.075680 0.117188
0 0.187755 0.118159 0.040816 0.061802
0 0.411119 0.161128 0.048469 0.071615
0 0.410289 0.271418 0.016565 0.052081
0 0.417075 0.104688 0.019116 0.057292
0 0.426446 0.216979 0.016565 0.054688
0 0.442177 0.192057 0.015714 0.050781
0 0.450680 0.148418 0.010612 0.044271
0 0.495121 0.076821 0.029762 0.011854
0 0.497024 0.041620 0.017857 0.024740
0 0.512755 0.010599 0.025510 0.029948
0 0.529117 0.016927 0.024660 0.026042
2 0.527211 0.108071 0.015106 0.016458
2 0.458759 0.096154 0.012755 0.019062
0 0.440901 0.085286 0.041667 0.051185
0 0.462160 0.251255 0.011461 0.058594
2 0.588872 0.088421 0.014411 0.041426
0 0.611651 0.116621 0.071509 0.047491
0 0.629115 0.262511 0.065478 0.058047
0 0.627161 0.214169 0.056001 0.046174
0 0.627591 0.211720 0.055140 0.052770
0 0.627161 0.158971 0.011878 0.051451
0 0.558216 0.048151 0.024985 0.010141
0 0.521141 0.075198 0.011785 0.029024
0 0.515405 0.058707 0.018954 0.027704
0 0.169124 0.162269 0.011016 0.055409
0 0.145862 0.188654 0.027570 0.055409
0 0.192186 0.082454 0.012719 0.015620
0 0.161091 0.102902 0.011016 0.044855
0 0.419094 0.050112 0.014462 0.014101
0 0.444941 0.015620 0.014462 0.019578
