0 0.482991 0.908854 0.081611 0.208111
2 0.011480 0.651646 0.019558 0.080729
0 0.068027 0.619121 0.085014 0.111979
0 0.059524 0.565104 0.107141 0.114581
0 0.110102 0.521484 0.071429 0.108071
0 0.122024 0.660807 0.090986 0.154948
0 0.216412 0.512552 0.070578 0.148418
0 0.119728 0.199740 0.062925 0.080729
0 0.119101 0.470052 0.079082 0.122196
0 0.188605 0.117057 0.040816 0.061802
0 0.406461 0.172196 0.051020 0.075521
0 0.409419 0.274740 0.016565 0.052081
0 0.417075 0.109896 0.019116 0.057292
0 0.426446 0.216979 0.016565 0.054688
0 0.441127 0.192057 0.015714 0.050781
0 0.450680 0.149740 0.010612 0.044271
0 0.496171 0.075521 0.029762 0.011854
0 0.497024 0.046224 0.017857 0.024740
0 0.512755 0.011201 0.025510 0.029948
0 0.529117 0.017578 0.022959 0.024740
2 0.527211 0.108071 0.015106 0.016458
2 0.457058 0.099609 0.012755 0.040165
0 0.465561 0.049479 0.029762 0.026042
0 0.459609 0.260417 0.014864 0.065104
2 0.586715 0.085918 0.011605 0.019062
0 0.611651 0.116621 0.071509 0.047491
0 0.629115 0.262511 0.065478 0.058047
0 0.627161 0.214169 0.056001 0.046174
0 0.627591 0.211720 0.055140 0.052770
0 0.627161 0.158971 0.011878 0.051451
0 0.558216 0.048151 0.024985 0.010141
0 0.521141 0.075198 0.011785 0.029024
0 0.515405 0.058707 0.018954 0.027704
0 0.169124 0.162269 0.011016 0.055409
0 0.145862 0.188654 0.027570 0.055409
0 0.192186 0.082454 0.012719 0.015620
0 0.161091 0.102902 0.011016 0.044855
0 0.419094 0.050112 0.014462 0.014101
0 0.444941 0.015620 0.014462 0.019578
