2 0.012110 0.652144 0.019558 0.080729
0 0.067177 0.619121 0.085014 0.111979
0 0.059524 0.565104 0.107141 0.114581
0 0.110952 0.521484 0.071429 0.108071
0 0.106718 0.671224 0.090986 0.154948
0 0.211715 0.544922 0.074810 0.154948
0 0.115476 0.401646 0.062925 0.080729
0 0.111150 0.479167 0.079082 0.122196
0 0.188605 0.118159 0.042517 0.066406
0 0.402211 0.176102 0.051020 0.075521
0 0.410289 0.274740 0.016565 0.052081
0 0.416224 0.111198 0.019116 0.057292
0 0.426446 0.215677 0.016565 0.054688
0 0.440476 0.192057 0.015714 0.050781
0 0.450680 0.148418 0.010612 0.044271
0 0.495121 0.076821 0.029762 0.011854
0 0.497874 0.044922 0.017857 0.024740
0 0.511605 0.011901 0.025510 0.029948
0 0.529117 0.016276 0.022959 0.024740
2 0.528912 0.101516 0.015106 0.017760
2 0.457908 0.098958 0.012755 0.019062
0 0.478116 0.016458 0.029762 0.026042
0 0.458759 0.261021 0.014864 0.065104
2 0.587585 0.086589 0.015106 0.045571
0 0.611651 0.116621 0.071509 0.047491
0 0.629115 0.262511 0.065478 0.058047
0 0.627161 0.214169 0.056001 0.046174
0 0.627591 0.211720 0.055140 0.052770
0 0.627161 0.158971 0.011878 0.051451
0 0.558216 0.048151 0.024985 0.010141
0 0.521141 0.075198 0.011785 0.029024
0 0.515405 0.058707 0.018954 0.027704
0 0.169124 0.162269 0.011016 0.055409
0 0.145862 0.188654 0.027570 0.055409
0 0.192186 0.082454 0.012719 0.015620
0 0.161091 0.102902 0.011016 0.044855
0 0.419094 0.050112 0.014462 0.014101
0 0.444941 0.015620 0.014462 0.019578
