2 0.014881 0.652995 0.021259 0.089844
0 0.068027 0.618021 0.085014 0.111979
0 0.059524 0.566406 0.107141 0.114581
0 0.124150 0.522786 0.071429 0.108071
0 0.092262 0.680119 0.090986 0.154948
0 0.204912 0.561849 0.078211 0.162760
0 0.106971 0.410156 0.062925 0.080729
0 0.106122 0.486128 0.081111 0.128906
0 0.186054 0.119661 0.042517 0.066406
0 0.199215 0.178255 0.051571 0.079427
0 0.410289 0.274740 0.016565 0.052081
0 0.414524 0.112500 0.019116 0.057292
0 0.425595 0.218281 0.016565 0.054688
0 0.442177 0.190755 0.015714 0.050781
0 0.450680 0.149740 0.010612 0.044271
0 0.495121 0.075521 0.029762 0.011854
0 0.497874 0.044922 0.017857 0.024740
0 0.511605 0.011901 0.025510 0.029948
0 0.529117 0.017578 0.022959 0.024740
2 0.529117 0.102865 0.016156 0.019062
2 0.457908 0.100260 0.012755 0.019062
0 0.496599 0.014974 0.025510 0.022115
0 0.457058 0.269511 0.014864 0.065104
2 0.586110 0.085286 0.014456 0.042969
0 0.611651 0.116621 0.071509 0.047491
0 0.629115 0.262511 0.065478 0.058047
0 0.627161 0.214169 0.056001 0.046174
0 0.627591 0.211720 0.055140 0.052770
0 0.627161 0.158971 0.011878 0.051451
0 0.558216 0.048151 0.024985 0.010141
0 0.521141 0.075198 0.011785 0.029024
0 0.515405 0.058707 0.018954 0.027704
0 0.169124 0.162269 0.011016 0.055409
0 0.145862 0.188654 0.027570 0.055409
0 0.192186 0.082454 0.012719 0.015620
0 0.161091 0.102902 0.011016 0.044855
0 0.419094 0.050112 0.014462 0.014101
0 0.444941 0.015620 0.014462 0.019578
