0 0.074471 0.692612 0.105110 0.171504
0 0.061701 0.577177 0.111141 0.127968
0 0.059194 0.647757 0.095611 0.110818
0 0.187766 0.601581 0.080125 0.142480
0 0.104076 0.480871 0.074956 0.101581
0 0.295891 0.422821 0.072171 0.091029
0 0.187217 0.195119 0.055140 0.075198
0 0.181616 0.129815 0.054278 0.065961
0 0.412018 0.111115 0.041078 0.061125
0 0.456572 0.279681 0.017047 0.061125
0 0.411771 0.277045 0.010155 0.052770
0 0.428141 0.247161 0.024985 0.069921
0 0.441064 0.199868 0.011878 0.041516
0 0.449680 0.151694 0.010155 0.054090
0 0.494481 0.079156 0.026708 0.014101
0 0.495771 0.049472 0.020677 0.022427
0 0.511281 0.025726 0.024124 0.027704
0 0.529174 0.014512 0.029291 0.011662
2 0.578911 0.071219 0.009477 0.040897
2 0.587098 0.082454 0.008616 0.012982
2 0.467772 0.095646 0.018091 0.040897
0 0.611651 0.116621 0.071509 0.047491
0 0.629115 0.262511 0.065478 0.058047
0 0.627161 0.214169 0.056001 0.046174
0 0.627591 0.211720 0.055140 0.052770
0 0.627161 0.158971 0.011878 0.051451
0 0.558216 0.048151 0.024985 0.010141
0 0.521141 0.075198 0.011785 0.029024
0 0.515405 0.058707 0.018954 0.027704
0 0.169124 0.162269 0.011016 0.055409
0 0.145862 0.188654 0.027570 0.055409
0 0.192186 0.082454 0.012719 0.015620
0 0.161091 0.102902 0.011016 0.044855
0 0.419094 0.050112 0.014462 0.014101
0 0.444941 0.015620 0.014462 0.019578
