0 0.072704 0.692057 0.104592 0.170571
0 0.062925 0.575521 0.110544 0.127604
0 0.058671 0.647786 0.095218 0.110677
0 0.185174 0.600911 0.079912 0.141927
0 0.102721 0.481071 0.074810 0.101562
0 0.291791 0.425110 0.072279 0.089844
0 0.184154 0.191880 0.054422 0.074219
0 0.179677 0.129427 0.051571 0.065104
0 0.411122 0.110729 0.042517 0.062500
0 0.455157 0.278646 0.016565 0.062500
0 0.411990 0.276042 0.029762 0.052081
0 0.427296 0.245441 0.024660 0.069010
0 0.440051 0.198568 0.011461 0.042969
0 0.449405 0.152995 0.029762 0.051185
0 0.491622 0.079427 0.026161 0.011854
0 0.495748 0.048828 0.020408 0.022115
0 0.511054 0.025191 0.021810 0.027144
0 0.528912 0.014121 0.028912 0.011250
2 0.578656 0.072266 0.009154 0.040165
2 0.585459 0.081111 0.007651 0.011250
2 0.467262 0.094401 0.017857 0.040165
0 0.611651 0.116621 0.071509 0.047491
0 0.629115 0.262511 0.065478 0.058047
0 0.627161 0.214169 0.056001 0.046174
0 0.627591 0.211720 0.055140 0.052770
0 0.627161 0.158971 0.011878 0.051451
0 0.558216 0.048151 0.024985 0.010141
0 0.521141 0.075198 0.011785 0.029024
0 0.515405 0.058707 0.018954 0.027704
0 0.169124 0.162269 0.011016 0.055409
0 0.145862 0.188654 0.027570 0.055409
0 0.192186 0.082454 0.012719 0.015620
0 0.161091 0.102902 0.011016 0.044855
0 0.419094 0.050112 0.014462 0.014101
0 0.444941 0.015620 0.014462 0.019578
