0 0.072704 0.690755 0.104592 0.170571
0 0.061776 0.576821 0.110544 0.127604
0 0.057821 0.649089 0.095218 0.110677
0 0.181671 0.601516 0.079912 0.141927
0 0.100170 0.481071 0.074810 0.101562
0 0.287840 0.427714 0.072279 0.089844
0 0.181501 0.196484 0.054422 0.074219
0 0.175425 0.114615 0.051571 0.065104
0 0.410272 0.112011 0.042517 0.062500
0 0.454507 0.279948 0.016565 0.062500
0 0.411119 0.276042 0.029762 0.052081
0 0.428146 0.245441 0.024660 0.069010
0 0.440051 0.198568 0.011461 0.042969
0 0.449405 0.152995 0.029762 0.051185
0 0.491197 0.081180 0.027211 0.015156
0 0.495748 0.048828 0.020408 0.022115
0 0.511054 0.024089 0.021810 0.027144
0 0.528912 0.011021 0.028912 0.011250
2 0.577806 0.070964 0.009154 0.040165
2 0.585884 0.081180 0.008501 0.012552
2 0.467262 0.095701 0.017857 0.040165
0 0.611651 0.116621 0.071509 0.047491
0 0.629115 0.262511 0.065478 0.058047
0 0.627161 0.214169 0.056001 0.046174
0 0.627591 0.211720 0.055140 0.052770
0 0.627161 0.158971 0.011878 0.051451
0 0.558216 0.048151 0.024985 0.010141
0 0.521141 0.075198 0.011785 0.029024
0 0.515405 0.058707 0.018954 0.027704
0 0.169124 0.162269 0.011016 0.055409
0 0.145862 0.188654 0.027570 0.055409
0 0.192186 0.082454 0.012719 0.015620
0 0.161091 0.102902 0.011016 0.044855
0 0.419094 0.050112 0.014462 0.014101
0 0.444941 0.015620 0.014462 0.019578
