0 0.071554 0.690755 0.104592 0.170571
0 0.062925 0.574870 0.105442 0.121094
0 0.058671 0.649089 0.095218 0.110677
0 0.177721 0.608724 0.079912 0.141927
0 0.290191 0.491490 0.079082 0.111979
0 0.226616 0.468099 0.075680 0.095052
0 0.171299 0.411458 0.057821 0.078125
0 0.126956 0.184115 0.051571 0.065104
0 0.417942 0.154818 0.046769 0.069010
0 0.451656 0.286458 0.016565 0.062500
0 0.411990 0.276042 0.029762 0.052081
0 0.427296 0.244141 0.022959 0.066406
0 0.440051 0.199870 0.011461 0.042969
0 0.449405 0.152995 0.029762 0.051185
0 0.488946 0.106771 0.010612 0.019062
0 0.494898 0.051412 0.020408 0.022115
0 0.510204 0.024089 0.021810 0.027144
0 0.528061 0.014121 0.028912 0.011250
2 0.571001 0.070112 0.009154 0.041667
2 0.467262 0.095052 0.019558 0.044271
0 0.177976 0.220701 0.051871 0.051185
0 0.611651 0.116621 0.071509 0.047491
0 0.629115 0.262511 0.065478 0.058047
0 0.627161 0.214169 0.056001 0.046174
0 0.627591 0.211720 0.055140 0.052770
0 0.627161 0.158971 0.011878 0.051451
0 0.558216 0.048151 0.024985 0.010141
0 0.521141 0.075198 0.011785 0.029024
0 0.515405 0.058707 0.018954 0.027704
0 0.169124 0.162269 0.011016 0.055409
0 0.145862 0.188654 0.027570 0.055409
0 0.192186 0.082454 0.012719 0.015620
0 0.161091 0.102902 0.011016 0.044855
0 0.419094 0.050112 0.014462 0.014101
0 0.444941 0.015620 0.014462 0.019578
