0 0.071554 0.692057 0.104592 0.170571
0 0.062925 0.576172 0.105442 0.121094
0 0.058671 0.647786 0.095218 0.110677
0 0.176871 0.608724 0.079912 0.141927
0 0.284419 0.500000 0.082481 0.117188
0 0.209609 0.478516 0.079082 0.100260
0 0.171599 0.412760 0.057821 0.078125
0 0.101997 0.406250 0.051571 0.065104
0 0.417942 0.156120 0.045068 0.066406
0 0.452806 0.286458 0.016565 0.062500
0 0.409419 0.281250 0.029762 0.052081
0 0.426446 0.246745 0.022959 0.066406
0 0.440901 0.198568 0.011461 0.042969
0 0.449405 0.154297 0.029762 0.051185
0 0.482991 0.110208 0.010612 0.019062
0 0.494048 0.055119 0.020408 0.022115
0 0.511054 0.024089 0.021810 0.027144
0 0.528061 0.014121 0.028912 0.011250
2 0.467262 0.096154 0.019558 0.044271
0 0.405187 0.164714 0.046769 0.048177
0 0.126105 0.292118 0.060174 0.066406
2 0.568878 0.065755 0.011605 0.017760
2 0.578656 0.061802 0.009154 0.011250
0 0.611651 0.116621 0.071509 0.047491
0 0.629115 0.262511 0.065478 0.058047
0 0.627161 0.214169 0.056001 0.046174
0 0.627591 0.211720 0.055140 0.052770
0 0.627161 0.158971 0.011878 0.051451
0 0.558216 0.048151 0.024985 0.010141
0 0.521141 0.075198 0.011785 0.029024
0 0.515405 0.058707 0.018954 0.027704
0 0.169124 0.162269 0.011016 0.055409
0 0.145862 0.188654 0.027570 0.055409
0 0.192186 0.082454 0.012719 0.015620
0 0.161091 0.102902 0.011016 0.044855
0 0.419094 0.050112 0.014462 0.014101
0 0.444941 0.015620 0.014462 0.019578
