0 0.072704 0.692057 0.104592 0.170571
0 0.062925 0.576172 0.105442 0.121094
0 0.057821 0.647786 0.095218 0.110677
0 0.176871 0.608724 0.079912 0.141927
0 0.285289 0.500000 0.082481 0.117188
0 0.198554 0.482422 0.079082 0.100260
0 0.171599 0.412760 0.057821 0.078125
0 0.296144 0.410807 0.056971 0.069010
0 0.417942 0.156120 0.045068 0.066406
0 0.452806 0.289062 0.016565 0.062500
0 0.405187 0.289062 0.029762 0.052081
0 0.425595 0.245441 0.024660 0.069010
0 0.440051 0.198568 0.011461 0.042969
0 0.448554 0.152995 0.029762 0.051185
0 0.482141 0.144511 0.010612 0.019062
0 0.492772 0.062500 0.021259 0.021418
0 0.510204 0.026691 0.021810 0.027144
0 0.527211 0.014121 0.028912 0.011250
2 0.467262 0.095052 0.019558 0.044271
0 0.414966 0.142578 0.042517 0.042969
0 0.150765 0.261021 0.055272 0.059896
2 0.568452 0.066406 0.014456 0.019062
2 0.579507 0.066406 0.009154 0.011250
0 0.611651 0.116621 0.071509 0.047491
0 0.629115 0.262511 0.065478 0.058047
0 0.627161 0.214169 0.056001 0.046174
0 0.627591 0.211720 0.055140 0.052770
0 0.627161 0.158971 0.011878 0.051451
0 0.558216 0.048151 0.024985 0.010141
0 0.521141 0.075198 0.011785 0.029024
0 0.515405 0.058707 0.018954 0.027704
0 0.169124 0.162269 0.011016 0.055409
0 0.145862 0.188654 0.027570 0.055409
0 0.192186 0.082454 0.012719 0.015620
0 0.161091 0.102902 0.011016 0.044855
0 0.419094 0.050112 0.014462 0.014101
0 0.444941 0.015620 0.014462 0.019578
