0 0.072704 0.690755 0.104592 0.170571
0 0.062075 0.576172 0.105442 0.121094
0 0.058671 0.647786 0.095218 0.110677
0 0.177721 0.611128 0.079912 0.141927
0 0.281888 0.500000 0.082481 0.117188
0 0.178146 0.491516 0.079082 0.100260
0 0.166497 0.414062 0.057821 0.078125
0 0.276161 0.426412 0.059524 0.071615
0 0.417092 0.156120 0.045068 0.066406
0 0.448554 0.299479 0.018265 0.065104
0 0.181929 0.117708 0.029762 0.052081
0 0.421044 0.250651 0.022959 0.066406
0 0.440901 0.199870 0.011461 0.042969
0 0.450255 0.151691 0.029762 0.051185
0 0.474915 0.184245 0.011161 0.042969
0 0.491071 0.070964 0.022959 0.024740
0 0.501827 0.010599 0.026161 0.029948
0 0.525510 0.011021 0.028912 0.011250
2 0.467687 0.095701 0.020408 0.045571
0 0.414099 0.089844 0.019966 0.041667
0 0.199660 0.181641 0.044218 0.048177
2 0.571554 0.065104 0.014456 0.019062
2 0.585459 0.062500 0.009154 0.011250
0 0.011888 0.545571 0.075680 0.104167
0 0.670918 0.041620 0.022109 0.019511
0 0.611651 0.116621 0.071509 0.047491
0 0.629115 0.262511 0.065478 0.058047
0 0.627161 0.214169 0.056001 0.046174
0 0.627591 0.211720 0.055140 0.052770
0 0.627161 0.158971 0.011878 0.051451
0 0.558216 0.048151 0.024985 0.010141
0 0.521141 0.075198 0.011785 0.029024
0 0.515405 0.058707 0.018954 0.027704
0 0.169124 0.162269 0.011016 0.055409
0 0.145862 0.188654 0.027570 0.055409
0 0.192186 0.082454 0.012719 0.015620
0 0.161091 0.102902 0.011016 0.044855
0 0.419094 0.050112 0.014462 0.014101
0 0.444941 0.015620 0.014462 0.019578
