0 0.072704 0.690755 0.104592 0.170571
0 0.061224 0.574870 0.105442 0.121094
0 0.058671 0.646484 0.095218 0.110677
0 0.176871 0.612610 0.079912 0.141927
0 0.281888 0.501102 0.082481 0.117188
0 0.174745 0.492819 0.079082 0.100260
0 0.165646 0.415165 0.057821 0.078125
0 0.272109 0.427081 0.056122 0.067708
0 0.417942 0.157422 0.045068 0.066406
0 0.446854 0.299479 0.018265 0.065104
0 0.182228 0.121615 0.029762 0.052081
0 0.422194 0.251951 0.022959 0.066406
0 0.440051 0.199870 0.011461 0.042969
0 0.449810 0.152995 0.010612 0.055990
0 0.474490 0.188802 0.012111 0.041667
0 0.489171 0.072266 0.022959 0.024740
0 0.501827 0.011901 0.026161 0.029948
0 0.526161 0.011021 0.028912 0.011250
2 0.466817 0.095701 0.020408 0.045571
0 0.417500 0.085286 0.041667 0.042969
0 0.402211 0.171177 0.045918 0.049479
2 0.571554 0.061802 0.014456 0.019062
2 0.584609 0.062500 0.009154 0.011250
0 0.011888 0.545571 0.075680 0.104167
0 0.669808 0.045515 0.020677 0.019789
0 0.611651 0.116621 0.071509 0.047491
0 0.629115 0.262511 0.065478 0.058047
0 0.627161 0.214169 0.056001 0.046174
0 0.627591 0.211720 0.055140 0.052770
0 0.627161 0.158971 0.011878 0.051451
0 0.558216 0.048151 0.024985 0.010141
0 0.521141 0.075198 0.011785 0.029024
0 0.515405 0.058707 0.018954 0.027704
0 0.169124 0.162269 0.011016 0.055409
0 0.145862 0.188654 0.027570 0.055409
0 0.192186 0.082454 0.012719 0.015620
0 0.161091 0.102902 0.011016 0.044855
0 0.419094 0.050112 0.014462 0.014101
0 0.444941 0.015620 0.014462 0.019578
