0 0.072704 0.690755 0.109694 0.178185
0 0.061224 0.574870 0.105442 0.121094
0 0.058671 0.646484 0.095218 0.110677
0 0.177721 0.611128 0.079912 0.141927
0 0.279117 0.501102 0.082481 0.117188
0 0.170491 0.495441 0.079082 0.100260
0 0.165646 0.414062 0.057821 0.078125
0 0.270408 0.410119 0.059524 0.071615
0 0.417942 0.157422 0.045068 0.066406
0 0.446854 0.299479 0.018265 0.065104
0 0.177976 0.125521 0.029762 0.052081
0 0.421044 0.254557 0.022959 0.066406
0 0.440051 0.198568 0.011461 0.042969
0 0.451105 0.152995 0.029762 0.051185
0 0.471619 0.192708 0.012111 0.041667
0 0.489171 0.074870 0.022959 0.024740
0 0.501401 0.029948 0.027211 0.011250
0 0.526161 0.011021 0.028912 0.011250
2 0.467262 0.095701 0.021259 0.048177
0 0.440051 0.080078 0.041667 0.042969
0 0.405612 0.164062 0.045918 0.049479
2 0.574810 0.062500 0.011605 0.016458
2 0.584609 0.061198 0.009154 0.011250
0 0.011888 0.545571 0.075680 0.104167
0 0.667517 0.044922 0.020408 0.019511
0 0.611651 0.116621 0.071509 0.047491
0 0.629115 0.262511 0.065478 0.058047
0 0.627161 0.214169 0.056001 0.046174
0 0.627591 0.211720 0.055140 0.052770
0 0.627161 0.158971 0.011878 0.051451
0 0.558216 0.048151 0.024985 0.010141
0 0.521141 0.075198 0.011785 0.029024
0 0.515405 0.058707 0.018954 0.027704
0 0.169124 0.162269 0.011016 0.055409
0 0.145862 0.188654 0.027570 0.055409
0 0.192186 0.082454 0.012719 0.015620
0 0.161091 0.102902 0.011016 0.044855
0 0.419094 0.050112 0.014462 0.014101
0 0.444941 0.015620 0.014462 0.019578
