0 0.072704 0.689451 0.109694 0.178185
0 0.062075 0.574870 0.105442 0.121094
0 0.057821 0.647786 0.095218 0.110677
0 0.177721 0.611128 0.079912 0.141927
0 0.278486 0.501102 0.082481 0.117188
0 0.166241 0.496094 0.082481 0.104167
0 0.161095 0.416667 0.057821 0.078125
0 0.266156 0.411641 0.059524 0.071615
0 0.417092 0.156120 0.045068 0.066406
0 0.446001 0.100781 0.018265 0.065104
0 0.174575 0.129427 0.029762 0.052081
0 0.421144 0.254557 0.022959 0.066406
0 0.419201 0.199870 0.011461 0.042969
0 0.450255 0.151691 0.029762 0.051185
0 0.471619 0.199219 0.012111 0.041667
0 0.488946 0.077474 0.025510 0.027144
0 0.501701 0.012552 0.027211 0.011250
0 0.526161 0.014121 0.028912 0.011250
2 0.468112 0.095701 0.021259 0.048177
0 0.442177 0.075521 0.017415 0.019062
0 0.409864 0.157552 0.045918 0.049479
2 0.576105 0.061802 0.014456 0.019062
2 0.586110 0.061198 0.009154 0.011250
0 0.011017 0.546875 0.075680 0.104167
0 0.660714 0.046875 0.022109 0.020811
0 0.611651 0.116621 0.071509 0.047491
0 0.629115 0.262511 0.065478 0.058047
0 0.627161 0.214169 0.056001 0.046174
0 0.627591 0.211720 0.055140 0.052770
0 0.627161 0.158971 0.011878 0.051451
0 0.558216 0.048151 0.024985 0.010141
0 0.521141 0.075198 0.011785 0.029024
0 0.515405 0.058707 0.018954 0.027704
0 0.169124 0.162269 0.011016 0.055409
0 0.145862 0.188654 0.027570 0.055409
0 0.192186 0.082454 0.012719 0.015620
0 0.161091 0.102902 0.011016 0.044855
0 0.419094 0.050112 0.014462 0.014101
0 0.444941 0.015620 0.014462 0.019578
