0 0.065901 0.689451 0.109694 0.178185
0 0.061224 0.574870 0.105442 0.121094
0 0.051571 0.647786 0.095218 0.110677
0 0.177721 0.610026 0.079912 0.141927
0 0.278486 0.505208 0.082481 0.117188
0 0.156017 0.500000 0.082481 0.104167
0 0.160969 0.421224 0.060174 0.082011
0 0.249575 0.442057 0.062075 0.074219
0 0.417092 0.156120 0.045068 0.066406
0 0.445151 0.102081 0.018265 0.065104
0 0.155867 0.152865 0.029762 0.052081
0 0.417942 0.261672 0.022959 0.066406
0 0.440901 0.198568 0.011461 0.042969
0 0.450255 0.152995 0.029762 0.051185
0 0.468961 0.225911 0.011161 0.042969
0 0.486820 0.096154 0.026161 0.028646
0 0.497874 0.040165 0.029762 0.011854
0 0.522514 0.014974 0.029762 0.012552
2 0.465986 0.097005 0.022109 0.050781
0 0.460884 0.048177 0.017415 0.019062
0 0.427721 0.121745 0.044218 0.048177
2 0.582908 0.061849 0.012755 0.015156
2 0.591517 0.057292 0.010204 0.011854
0 0.011017 0.545571 0.075680 0.104167
0 0.611651 0.116621 0.071509 0.047491
0 0.629115 0.262511 0.065478 0.058047
0 0.627161 0.214169 0.056001 0.046174
0 0.627591 0.211720 0.055140 0.052770
0 0.627161 0.158971 0.011878 0.051451
0 0.558216 0.048151 0.024985 0.010141
0 0.521141 0.075198 0.011785 0.029024
0 0.515405 0.058707 0.018954 0.027704
0 0.169124 0.162269 0.011016 0.055409
0 0.145862 0.188654 0.027570 0.055409
0 0.192186 0.082454 0.012719 0.015620
0 0.161091 0.102902 0.011016 0.044855
0 0.419094 0.050112 0.014462 0.014101
0 0.444941 0.015620 0.014462 0.019578
