0 0.062500 0.691159 0.109694 0.178185
0 0.062075 0.576172 0.105442 0.121094
0 0.051871 0.651691 0.095218 0.110677
0 0.178571 0.610026 0.079912 0.141927
0 0.277616 0.501906 0.082481 0.117188
0 0.156017 0.500000 0.082481 0.104167
0 0.158844 0.420571 0.062925 0.085918
0 0.247874 0.442057 0.062075 0.074219
0 0.414541 0.158724 0.046769 0.069010
0 0.444101 0.101185 0.018265 0.065104
0 0.142262 0.168490 0.029762 0.052081
0 0.412415 0.276691 0.021810 0.069010
0 0.419201 0.201172 0.011461 0.042969
0 0.451956 0.154297 0.029762 0.051185
0 0.465116 0.241490 0.019116 0.049479
0 0.485119 0.114581 0.026161 0.028646
0 0.491622 0.046875 0.029762 0.011854
0 0.519111 0.020182 0.029762 0.012552
2 0.465986 0.095701 0.022109 0.050781
0 0.474490 0.010599 0.015714 0.017760
0 0.411671 0.106120 0.017415 0.040165
2 0.589286 0.059896 0.011605 0.016458
2 0.597789 0.055119 0.010204 0.015156
0 0.010187 0.548177 0.075680 0.104167
0 0.627976 0.052081 0.022959 0.020811
0 0.611651 0.116621 0.071509 0.047491
0 0.629115 0.262511 0.065478 0.058047
0 0.627161 0.214169 0.056001 0.046174
0 0.627591 0.211720 0.055140 0.052770
0 0.627161 0.158971 0.011878 0.051451
0 0.558216 0.048151 0.024985 0.010141
0 0.521141 0.075198 0.011785 0.029024
0 0.515405 0.058707 0.018954 0.027704
0 0.169124 0.162269 0.011016 0.055409
0 0.145862 0.188654 0.027570 0.055409
0 0.192186 0.082454 0.012719 0.015620
0 0.161091 0.102902 0.011016 0.044855
0 0.419094 0.050112 0.014462 0.014101
0 0.444941 0.015620 0.014462 0.019578
