0 0.062500 0.694661 0.109694 0.178185
0 0.061224 0.577474 0.105442 0.121094
0 0.051871 0.651691 0.095218 0.110677
0 0.178571 0.610026 0.079912 0.141927
0 0.277616 0.501906 0.082481 0.117188
0 0.155187 0.500000 0.082481 0.104167
0 0.158844 0.420571 0.062925 0.085918
0 0.247874 0.440755 0.062075 0.074219
0 0.414541 0.161128 0.046769 0.069010
0 0.441452 0.101185 0.018265 0.065104
0 0.118010 0.171094 0.029762 0.052081
0 0.411565 0.279297 0.021810 0.069010
0 0.419201 0.202474 0.011461 0.042969
0 0.450255 0.152995 0.029762 0.051185
0 0.464286 0.247196 0.019116 0.049479
0 0.481418 0.118490 0.026161 0.028646
0 0.491622 0.046875 0.029762 0.011854
0 0.516582 0.021484 0.029762 0.012552
2 0.466817 0.097005 0.022109 0.050781
0 0.477041 0.027995 0.014014 0.015156
0 0.416224 0.102214 0.017415 0.040165
2 0.589711 0.059896 0.014456 0.019062
2 0.598214 0.055119 0.011054 0.017760
0 0.010187 0.548177 0.075680 0.104167
0 0.624575 0.051185 0.022959 0.020811
0 0.611651 0.116621 0.071509 0.047491
0 0.629115 0.262511 0.065478 0.058047
0 0.627161 0.214169 0.056001 0.046174
0 0.627591 0.211720 0.055140 0.052770
0 0.627161 0.158971 0.011878 0.051451
0 0.558216 0.048151 0.024985 0.010141
0 0.521141 0.075198 0.011785 0.029024
0 0.515405 0.058707 0.018954 0.027704
0 0.169124 0.162269 0.011016 0.055409
0 0.145862 0.188654 0.027570 0.055409
0 0.192186 0.082454 0.012719 0.015620
0 0.161091 0.102902 0.011016 0.044855
0 0.419094 0.050112 0.014462 0.014101
0 0.444941 0.015620 0.014462 0.019578
