0 0.062500 0.692057 0.109694 0.178185
0 0.062075 0.576172 0.105442 0.121094
0 0.051871 0.651691 0.095218 0.110677
0 0.175595 0.611128 0.075680 0.114115
0 0.277616 0.501906 0.082481 0.117188
0 0.151486 0.501102 0.082481 0.104167
0 0.157991 0.420571 0.062925 0.085918
0 0.248724 0.442057 0.062075 0.074219
0 0.412840 0.161128 0.046769 0.069010
0 0.441452 0.101185 0.018265 0.065104
0 0.111611 0.175000 0.012111 0.057292
0 0.409419 0.286458 0.024660 0.072917
0 0.418150 0.206180 0.011461 0.042969
0 0.450255 0.154297 0.029762 0.051185
0 0.462585 0.252604 0.019116 0.049479
0 0.480867 0.128906 0.026161 0.028646
0 0.491197 0.051412 0.028912 0.012552
0 0.514011 0.024089 0.029762 0.012552
2 0.467687 0.094401 0.022109 0.050781
0 0.484694 0.018880 0.014014 0.015156
0 0.416224 0.098107 0.017415 0.040165
2 0.591817 0.059896 0.011605 0.016458
2 0.600140 0.055990 0.011905 0.019062
0 0.010187 0.546875 0.075680 0.104167
0 0.617147 0.054016 0.021810 0.022115
0 0.611651 0.116621 0.071509 0.047491
0 0.629115 0.262511 0.065478 0.058047
0 0.627161 0.214169 0.056001 0.046174
0 0.627591 0.211720 0.055140 0.052770
0 0.627161 0.158971 0.011878 0.051451
0 0.558216 0.048151 0.024985 0.010141
0 0.521141 0.075198 0.011785 0.029024
0 0.515405 0.058707 0.018954 0.027704
0 0.169124 0.162269 0.011016 0.055409
0 0.145862 0.188654 0.027570 0.055409
0 0.192186 0.082454 0.012719 0.015620
0 0.161091 0.102902 0.011016 0.044855
0 0.419094 0.050112 0.014462 0.014101
0 0.444941 0.015620 0.014462 0.019578
