0 0.061150 0.694661 0.109694 0.178185
0 0.062075 0.577474 0.105442 0.121094
0 0.052721 0.650191 0.095218 0.110677
0 0.171044 0.615214 0.079082 0.141927
0 0.277616 0.501906 0.082481 0.117188
0 0.152616 0.501102 0.082481 0.104167
0 0.157991 0.420571 0.062925 0.085918
0 0.247874 0.442057 0.062075 0.074219
0 0.411690 0.162610 0.045068 0.066406
0 0.445151 0.104688 0.018265 0.065104
0 0.129082 0.178906 0.012111 0.057292
0 0.407718 0.290165 0.024660 0.072917
0 0.418150 0.207682 0.011461 0.042969
0 0.450255 0.154297 0.029762 0.051185
0 0.461715 0.257812 0.019116 0.049479
0 0.479167 0.115417 0.026161 0.028646
0 0.491197 0.052714 0.028912 0.012552
0 0.511180 0.024740 0.011461 0.011854
2 0.466817 0.094401 0.022109 0.050781
0 0.488946 0.014974 0.015714 0.017760
0 0.417075 0.097656 0.015714 0.019062
2 0.592262 0.057941 0.012755 0.015156
2 0.599065 0.057941 0.011054 0.017760
0 0.010187 0.545571 0.075680 0.104167
0 0.611946 0.054016 0.021810 0.022115
0 0.611651 0.116621 0.071509 0.047491
0 0.629115 0.262511 0.065478 0.058047
0 0.627161 0.214169 0.056001 0.046174
0 0.627591 0.211720 0.055140 0.052770
0 0.627161 0.158971 0.011878 0.051451
0 0.558216 0.048151 0.024985 0.010141
0 0.521141 0.075198 0.011785 0.029024
0 0.515405 0.058707 0.018954 0.027704
0 0.169124 0.162269 0.011016 0.055409
0 0.145862 0.188654 0.027570 0.055409
0 0.192186 0.082454 0.012719 0.015620
0 0.161091 0.102902 0.011016 0.044855
0 0.419094 0.050112 0.014462 0.014101
0 0.444941 0.015620 0.014462 0.019578
