0 0.062500 0.694661 0.109694 0.178185
0 0.060174 0.574870 0.105442 0.121094
0 0.051871 0.651691 0.095218 0.110677
0 0.164966 0.625651 0.095218 0.167969
0 0.274215 0.507812 0.082481 0.117188
0 0.149215 0.505208 0.082481 0.104167
0 0.157141 0.421875 0.062925 0.085918
0 0.248299 0.442057 0.059524 0.071615
0 0.414541 0.162610 0.045068 0.066406
0 0.444101 0.105990 0.018265 0.065104
0 0.121980 0.184115 0.012111 0.057292
0 0.401061 0.298828 0.021810 0.069010
0 0.417500 0.210286 0.011461 0.042969
0 0.448980 0.155599 0.010612 0.055990
0 0.460014 0.259115 0.019116 0.049479
0 0.480017 0.157552 0.011461 0.049479
0 0.491071 0.059896 0.029762 0.011854
0 0.510629 0.027995 0.029762 0.012552
2 0.468517 0.094401 0.022109 0.050781
0 0.495748 0.009766 0.014014 0.015156
0 0.418776 0.097656 0.015714 0.019062
2 0.590116 0.058594 0.011605 0.016458
0 0.010187 0.545571 0.075680 0.104167
0 0.611651 0.116621 0.071509 0.047491
0 0.629115 0.262511 0.065478 0.058047
0 0.627161 0.214169 0.056001 0.046174
0 0.627591 0.211720 0.055140 0.052770
0 0.627161 0.158971 0.011878 0.051451
0 0.558216 0.048151 0.024985 0.010141
0 0.521141 0.075198 0.011785 0.029024
0 0.515405 0.058707 0.018954 0.027704
0 0.169124 0.162269 0.011016 0.055409
0 0.145862 0.188654 0.027570 0.055409
0 0.192186 0.082454 0.012719 0.015620
0 0.161091 0.102902 0.011016 0.044855
0 0.419094 0.050112 0.014462 0.014101
0 0.444941 0.015620 0.014462 0.019578
