0 0.061150 0.694661 0.109694 0.178185
0 0.061224 0.576172 0.105442 0.121094
0 0.050595 0.650191 0.099490 0.115885
0 0.164966 0.625651 0.095218 0.167969
0 0.271184 0.509115 0.082481 0.117188
0 0.148184 0.505208 0.082481 0.104167
0 0.157991 0.420571 0.062925 0.085918
0 0.248299 0.440755 0.059524 0.071615
0 0.411690 0.162610 0.045068 0.066406
0 0.444101 0.105990 0.018265 0.065104
0 0.121129 0.184115 0.012111 0.057292
0 0.402211 0.298828 0.021810 0.069010
0 0.417500 0.212891 0.011461 0.042969
0 0.449810 0.156901 0.010612 0.055990
0 0.458111 0.261719 0.019116 0.049479
0 0.479167 0.165165 0.011461 0.049479
0 0.490221 0.061198 0.029762 0.011854
0 0.508929 0.029297 0.029762 0.012552
2 0.468112 0.094401 0.021259 0.048177
0 0.498299 0.005859 0.014014 0.015156
0 0.417925 0.095052 0.015714 0.019062
0 0.011017 0.545571 0.075680 0.104167
0 0.611651 0.116621 0.071509 0.047491
0 0.629115 0.262511 0.065478 0.058047
0 0.627161 0.214169 0.056001 0.046174
0 0.627591 0.211720 0.055140 0.052770
0 0.627161 0.158971 0.011878 0.051451
0 0.558216 0.048151 0.024985 0.010141
0 0.521141 0.075198 0.011785 0.029024
0 0.515405 0.058707 0.018954 0.027704
0 0.169124 0.162269 0.011016 0.055409
0 0.145862 0.188654 0.027570 0.055409
0 0.192186 0.082454 0.012719 0.015620
0 0.161091 0.102902 0.011016 0.044855
0 0.419094 0.050112 0.014462 0.014101
0 0.444941 0.015620 0.014462 0.019578
