0 0.062500 0.694661 0.109694 0.178185
0 0.061224 0.576172 0.105442 0.121094
0 0.051446 0.650191 0.099490 0.115885
0 0.164966 0.625651 0.095218 0.167969
0 0.271184 0.509115 0.082481 0.117188
0 0.147514 0.505208 0.082481 0.104167
0 0.157141 0.421875 0.062925 0.085918
0 0.249150 0.442057 0.059524 0.071615
0 0.414541 0.162610 0.045068 0.066406
0 0.445151 0.107292 0.018265 0.065104
0 0.121129 0.185417 0.012111 0.057292
0 0.401786 0.100110 0.022959 0.066406
0 0.415799 0.212891 0.011461 0.042969
0 0.448980 0.155599 0.010612 0.055990
0 0.459184 0.261021 0.019116 0.049479
0 0.480017 0.166667 0.011461 0.049479
0 0.490221 0.062500 0.029762 0.011854
0 0.508078 0.029948 0.011461 0.011854
2 0.467262 0.091099 0.021259 0.048177
0 0.499150 0.005859 0.014014 0.015156
0 0.417925 0.096154 0.015714 0.019062
0 0.010187 0.548177 0.075680 0.104167
0 0.611651 0.116621 0.071509 0.047491
0 0.629115 0.262511 0.065478 0.058047
0 0.627161 0.214169 0.056001 0.046174
0 0.627591 0.211720 0.055140 0.052770
0 0.627161 0.158971 0.011878 0.051451
0 0.558216 0.048151 0.024985 0.010141
0 0.521141 0.075198 0.011785 0.029024
0 0.515405 0.058707 0.018954 0.027704
0 0.169124 0.162269 0.011016 0.055409
0 0.145862 0.188654 0.027570 0.055409
0 0.192186 0.082454 0.012719 0.015620
0 0.161091 0.102902 0.011016 0.044855
0 0.419094 0.050112 0.014462 0.014101
0 0.444941 0.015620 0.014462 0.019578
