0 0.061150 0.691159 0.109694 0.178185
0 0.060174 0.574870 0.105442 0.121094
0 0.052296 0.650191 0.099490 0.115885
0 0.164116 0.624149 0.095218 0.167969
0 0.272514 0.516276 0.084184 0.114115
0 0.147514 0.501906 0.082481 0.104167
0 0.157141 0.420571 0.062925 0.085918
0 0.247874 0.440755 0.062075 0.074219
0 0.414541 0.161128 0.046769 0.069010
0 0.441452 0.107292 0.018265 0.065104
0 0.115901 0.191927 0.041167 0.067708
0 0.198810 0.110547 0.017415 0.058594
0 0.415799 0.216797 0.011461 0.042969
0 0.448980 0.158201 0.010612 0.055990
0 0.457481 0.265625 0.019116 0.049479
0 0.477466 0.182292 0.011461 0.049479
0 0.489171 0.067708 0.029762 0.011854
0 0.506178 0.012552 0.011461 0.011854
2 0.466817 0.094401 0.022109 0.050781
0 0.417925 0.095052 0.015714 0.019062
0 0.011017 0.548177 0.075680 0.104167
0 0.598214 0.056641 0.011161 0.024740
0 0.611651 0.116621 0.071509 0.047491
0 0.629115 0.262511 0.065478 0.058047
0 0.627161 0.214169 0.056001 0.046174
0 0.627591 0.211720 0.055140 0.052770
0 0.627161 0.158971 0.011878 0.051451
0 0.558216 0.048151 0.024985 0.010141
0 0.521141 0.075198 0.011785 0.029024
0 0.515405 0.058707 0.018954 0.027704
0 0.169124 0.162269 0.011016 0.055409
0 0.145862 0.188654 0.027570 0.055409
0 0.192186 0.082454 0.012719 0.015620
0 0.161091 0.102902 0.011016 0.044855
0 0.419094 0.050112 0.014462 0.014101
0 0.444941 0.015620 0.014462 0.019578
