0 0.062500 0.691159 0.109694 0.178185
0 0.061224 0.574870 0.105442 0.121094
0 0.052296 0.650191 0.099490 0.115885
0 0.164116 0.624149 0.095218 0.167969
0 0.274215 0.517578 0.084184 0.114115
0 0.146684 0.501906 0.082481 0.104167
0 0.156291 0.420571 0.062925 0.085918
0 0.248724 0.442057 0.062075 0.074219
0 0.415191 0.161128 0.046769 0.069010
0 0.445151 0.107292 0.018265 0.065104
0 0.121129 0.186719 0.056122 0.075521
0 0.195408 0.115755 0.017415 0.058594
0 0.414949 0.222005 0.011461 0.042969
0 0.447279 0.162109 0.010612 0.055990
0 0.457481 0.268229 0.019116 0.049479
0 0.476190 0.185547 0.015714 0.066406
0 0.488520 0.072917 0.029762 0.011854
0 0.501827 0.016458 0.011461 0.011854
2 0.466817 0.094401 0.022109 0.050781
0 0.418776 0.095052 0.015714 0.019062
0 0.011017 0.546875 0.075680 0.104167
0 0.590561 0.059896 0.014864 0.026042
0 0.611651 0.116621 0.071509 0.047491
0 0.629115 0.262511 0.065478 0.058047
0 0.627161 0.214169 0.056001 0.046174
0 0.627591 0.211720 0.055140 0.052770
0 0.627161 0.158971 0.011878 0.051451
0 0.558216 0.048151 0.024985 0.010141
0 0.521141 0.075198 0.011785 0.029024
0 0.515405 0.058707 0.018954 0.027704
0 0.169124 0.162269 0.011016 0.055409
0 0.145862 0.188654 0.027570 0.055409
0 0.192186 0.082454 0.012719 0.015620
0 0.161091 0.102902 0.011016 0.044855
0 0.419094 0.050112 0.014462 0.014101
0 0.444941 0.015620 0.014462 0.019578
