0 0.010187 0.711589 0.079082 0.119121
0 0.060174 0.571568 0.105442 0.121094
0 0.048895 0.649089 0.099490 0.115885
0 0.162415 0.625651 0.095218 0.167969
0 0.271684 0.518880 0.084184 0.114115
0 0.147514 0.501906 0.082481 0.104167
0 0.155442 0.421177 0.062925 0.085918
0 0.248724 0.419451 0.062075 0.074219
0 0.412840 0.160026 0.048469 0.071615
0 0.444101 0.107292 0.018265 0.065104
0 0.120578 0.186068 0.061224 0.082011
0 0.177551 0.116589 0.019116 0.061198
0 0.426446 0.248047 0.011461 0.042969
0 0.419626 0.185547 0.010612 0.055990
0 0.456611 0.270811 0.019116 0.049479
0 0.468517 0.216797 0.017415 0.069010
0 0.479592 0.111510 0.014014 0.019062
0 0.495748 0.070112 0.044218 0.046875
2 0.468112 0.091146 0.022959 0.052081
0 0.452181 0.067057 0.012111 0.015156
0 0.010187 0.544271 0.075680 0.104167
0 0.582908 0.080078 0.011161 0.024740
0 0.508929 0.011854 0.029762 0.016458
0 0.611651 0.116621 0.071509 0.047491
0 0.629115 0.262511 0.065478 0.058047
0 0.627161 0.214169 0.056001 0.046174
0 0.627591 0.211720 0.055140 0.052770
0 0.627161 0.158971 0.011878 0.051451
0 0.558216 0.048151 0.024985 0.010141
0 0.521141 0.075198 0.011785 0.029024
0 0.515405 0.058707 0.018954 0.027704
0 0.169124 0.162269 0.011016 0.055409
0 0.145862 0.188654 0.027570 0.055409
0 0.192186 0.082454 0.012719 0.015620
0 0.161091 0.102902 0.011016 0.044855
0 0.419094 0.050112 0.014462 0.014101
0 0.444941 0.015620 0.014462 0.019578
