0 0.025915 0.711589 0.079082 0.119121
0 0.059524 0.574870 0.105442 0.121094
0 0.048895 0.649089 0.099490 0.115885
0 0.162415 0.624149 0.095218 0.167969
0 0.271684 0.521484 0.084184 0.114115
0 0.147514 0.502604 0.082481 0.104167
0 0.151741 0.421177 0.062925 0.085918
0 0.247874 0.419451 0.062075 0.074219
0 0.411690 0.162610 0.046769 0.069010
0 0.442602 0.107292 0.018265 0.065104
0 0.121001 0.186719 0.058671 0.078125
0 0.175850 0.119191 0.019116 0.061198
0 0.425595 0.250651 0.011461 0.042969
0 0.418776 0.186849 0.010612 0.055990
0 0.455782 0.272115 0.019116 0.049479
0 0.466817 0.215495 0.017415 0.069010
0 0.479592 0.116719 0.014014 0.019062
0 0.494048 0.074219 0.044218 0.046875
2 0.468517 0.089844 0.025510 0.057292
0 0.455782 0.064451 0.010612 0.012552
0 0.010187 0.544271 0.075680 0.104167
0 0.579912 0.087891 0.020408 0.015156
0 0.508929 0.015156 0.029762 0.016458
0 0.611651 0.116621 0.071509 0.047491
0 0.629115 0.262511 0.065478 0.058047
0 0.627161 0.214169 0.056001 0.046174
0 0.627591 0.211720 0.055140 0.052770
0 0.627161 0.158971 0.011878 0.051451
0 0.558216 0.048151 0.024985 0.010141
0 0.521141 0.075198 0.011785 0.029024
0 0.515405 0.058707 0.018954 0.027704
0 0.169124 0.162269 0.011016 0.055409
0 0.145862 0.188654 0.027570 0.055409
0 0.192186 0.082454 0.012719 0.015620
0 0.161091 0.102902 0.011016 0.044855
0 0.419094 0.050112 0.014462 0.014101
0 0.444941 0.015620 0.014462 0.019578
