0 0.020408 0.705729 0.061224 0.145811
0 0.059524 0.576172 0.105442 0.121094
0 0.048044 0.647786 0.099490 0.115885
0 0.162415 0.625651 0.095218 0.167969
0 0.270811 0.520182 0.084184 0.114115
0 0.147514 0.501906 0.082481 0.104167
0 0.152891 0.425781 0.062925 0.085918
0 0.248724 0.418151 0.062075 0.074219
0 0.411690 0.158724 0.048469 0.071615
0 0.441452 0.107292 0.018265 0.065104
0 0.119728 0.186068 0.061224 0.082011
0 0.174150 0.141797 0.019116 0.061198
0 0.421895 0.261068 0.011461 0.042969
0 0.416224 0.194661 0.010612 0.055990
0 0.455782 0.270811 0.019116 0.049479
0 0.466817 0.218099 0.015714 0.066406
0 0.477041 0.149740 0.014014 0.019062
0 0.491497 0.089844 0.044218 0.046875
2 0.468112 0.095701 0.026161 0.061198
0 0.464286 0.046224 0.012111 0.015156
0 0.010187 0.544271 0.075680 0.104167
0 0.590986 0.100911 0.020408 0.015156
0 0.501827 0.044271 0.029762 0.016458
0 0.611651 0.116621 0.071509 0.047491
0 0.629115 0.262511 0.065478 0.058047
0 0.627161 0.214169 0.056001 0.046174
0 0.627591 0.211720 0.055140 0.052770
0 0.627161 0.158971 0.011878 0.051451
0 0.558216 0.048151 0.024985 0.010141
0 0.521141 0.075198 0.011785 0.029024
0 0.515405 0.058707 0.018954 0.027704
0 0.169124 0.162269 0.011016 0.055409
0 0.145862 0.188654 0.027570 0.055409
0 0.192186 0.082454 0.012719 0.015620
0 0.161091 0.102902 0.011016 0.044855
0 0.419094 0.050112 0.014462 0.014101
0 0.444941 0.015620 0.014462 0.019578
