0 0.011480 0.701125 0.058671 0.118021
0 0.059524 0.574870 0.105442 0.121094
0 0.048044 0.649089 0.099490 0.115885
0 0.162415 0.625651 0.095218 0.167969
0 0.270811 0.520182 0.084184 0.114115
0 0.147514 0.502604 0.082481 0.104167
0 0.151190 0.428185 0.062925 0.085918
0 0.247874 0.419451 0.062075 0.074219
0 0.412840 0.158724 0.048469 0.071615
0 0.442602 0.108594 0.018265 0.065104
0 0.120578 0.187170 0.061224 0.082011
0 0.171299 0.144401 0.019116 0.061198
0 0.420491 0.270182 0.011461 0.042969
0 0.411671 0.205078 0.010612 0.055990
0 0.455782 0.270811 0.019116 0.049479
0 0.466817 0.218099 0.017415 0.069010
0 0.475140 0.160807 0.015714 0.040165
0 0.488095 0.102214 0.045918 0.048177
2 0.469188 0.096154 0.025510 0.057292
0 0.471619 0.010599 0.010612 0.012552
0 0.011017 0.542969 0.075680 0.104167
0 0.598214 0.116516 0.022959 0.017760
0 0.497874 0.055119 0.028061 0.015156
0 0.506801 0.018229 0.025510 0.028646
0 0.611651 0.116621 0.071509 0.047491
0 0.629115 0.262511 0.065478 0.058047
0 0.627161 0.214169 0.056001 0.046174
0 0.627591 0.211720 0.055140 0.052770
0 0.627161 0.158971 0.011878 0.051451
0 0.558216 0.048151 0.024985 0.010141
0 0.521141 0.075198 0.011785 0.029024
0 0.515405 0.058707 0.018954 0.027704
0 0.169124 0.162269 0.011016 0.055409
0 0.145862 0.188654 0.027570 0.055409
0 0.192186 0.082454 0.012719 0.015620
0 0.161091 0.102902 0.011016 0.044855
0 0.419094 0.050112 0.014462 0.014101
0 0.444941 0.015620 0.014462 0.019578
