0 0.059524 0.574870 0.105442 0.121094
0 0.048895 0.649089 0.099490 0.115885
0 0.159014 0.629557 0.095218 0.167969
0 0.269981 0.521484 0.084184 0.114115
0 0.145811 0.502604 0.082481 0.104167
0 0.150140 0.428185 0.062925 0.085918
0 0.247874 0.440755 0.062075 0.074219
0 0.411690 0.158724 0.048469 0.071615
0 0.444101 0.107292 0.018265 0.065104
0 0.120578 0.187170 0.061224 0.082011
0 0.172449 0.141099 0.019116 0.061198
0 0.419641 0.271484 0.011461 0.042969
0 0.411671 0.207682 0.010612 0.055990
0 0.455782 0.270811 0.019116 0.049479
0 0.465986 0.218099 0.017415 0.069010
0 0.475140 0.160807 0.015714 0.040165
0 0.488095 0.108724 0.045918 0.048177
2 0.466412 0.095701 0.026161 0.061198
0 0.477891 0.027144 0.028912 0.011250
0 0.011017 0.544271 0.075680 0.104167
0 0.599490 0.119792 0.022109 0.016458
0 0.496171 0.057292 0.029762 0.016458
0 0.505952 0.019511 0.025510 0.028646
0 0.611651 0.116621 0.071509 0.047491
0 0.629115 0.262511 0.065478 0.058047
0 0.627161 0.214169 0.056001 0.046174
0 0.627591 0.211720 0.055140 0.052770
0 0.627161 0.158971 0.011878 0.051451
0 0.558216 0.048151 0.024985 0.010141
0 0.521141 0.075198 0.011785 0.029024
0 0.515405 0.058707 0.018954 0.027704
0 0.169124 0.162269 0.011016 0.055409
0 0.145862 0.188654 0.027570 0.055409
0 0.192186 0.082454 0.012719 0.015620
0 0.161091 0.102902 0.011016 0.044855
0 0.419094 0.050112 0.014462 0.014101
0 0.444941 0.015620 0.014462 0.019578
