0 0.058671 0.574870 0.105442 0.121094
0 0.048895 0.649089 0.099490 0.115885
0 0.152616 0.617170 0.099490 0.175781
0 0.268282 0.520182 0.084184 0.114115
0 0.117110 0.507812 0.082481 0.104167
0 0.149915 0.411641 0.065476 0.089844
0 0.248724 0.419451 0.062075 0.074219
0 0.411690 0.160026 0.048469 0.071615
0 0.444101 0.109896 0.018265 0.065104
0 0.121001 0.188021 0.058671 0.078125
0 0.172449 0.141099 0.019116 0.061198
0 0.417942 0.274089 0.011461 0.042969
0 0.411122 0.214191 0.010612 0.055990
0 0.455782 0.272115 0.019116 0.049479
0 0.466817 0.219401 0.015714 0.066406
0 0.474490 0.167118 0.017415 0.042969
0 0.485544 0.116516 0.045918 0.048177
2 0.465116 0.096154 0.021810 0.054688
0 0.484694 0.016276 0.027211 0.029948
0 0.010187 0.542969 0.075680 0.104167
0 0.596514 0.114766 0.022959 0.017760
0 0.492772 0.068159 0.028061 0.015156
0 0.500850 0.024740 0.025510 0.028646
0 0.611651 0.116621 0.071509 0.047491
0 0.629115 0.262511 0.065478 0.058047
0 0.627161 0.214169 0.056001 0.046174
0 0.627591 0.211720 0.055140 0.052770
0 0.627161 0.158971 0.011878 0.051451
0 0.558216 0.048151 0.024985 0.010141
0 0.521141 0.075198 0.011785 0.029024
0 0.515405 0.058707 0.018954 0.027704
0 0.169124 0.162269 0.011016 0.055409
0 0.145862 0.188654 0.027570 0.055409
0 0.192186 0.082454 0.012719 0.015620
0 0.161091 0.102902 0.011016 0.044855
0 0.419094 0.050112 0.014462 0.014101
0 0.444941 0.015620 0.014462 0.019578
