0 0.060174 0.574870 0.105442 0.121094
0 0.048895 0.650191 0.099490 0.115885
0 0.146684 0.641927 0.104592 0.184896
0 0.264011 0.526042 0.087585 0.140625
0 0.128401 0.509115 0.078211 0.098958
0 0.148619 0.410990 0.062925 0.085918
0 0.248724 0.418151 0.062075 0.074219
0 0.414541 0.161128 0.048469 0.071615
0 0.441452 0.108594 0.018265 0.065104
0 0.120151 0.186719 0.058671 0.078125
0 0.171299 0.141099 0.019116 0.061198
0 0.417942 0.276691 0.011461 0.042969
0 0.411971 0.218099 0.010612 0.055990
0 0.455782 0.270811 0.019116 0.049479
0 0.466817 0.220701 0.015714 0.066406
0 0.474065 0.169271 0.041667 0.046875
0 0.481844 0.124149 0.051020 0.051185
2 0.466817 0.095052 0.021810 0.054688
0 0.010187 0.545571 0.075680 0.104167
0 0.590561 0.141276 0.022959 0.017760
0 0.492772 0.072917 0.029762 0.016458
0 0.497874 0.010599 0.024660 0.027144
0 0.120151 0.115104 0.061776 0.075521
0 0.611651 0.116621 0.071509 0.047491
0 0.629115 0.262511 0.065478 0.058047
0 0.627161 0.214169 0.056001 0.046174
0 0.627591 0.211720 0.055140 0.052770
0 0.627161 0.158971 0.011878 0.051451
0 0.558216 0.048151 0.024985 0.010141
0 0.521141 0.075198 0.011785 0.029024
0 0.515405 0.058707 0.018954 0.027704
0 0.169124 0.162269 0.011016 0.055409
0 0.145862 0.188654 0.027570 0.055409
0 0.192186 0.082454 0.012719 0.015620
0 0.161091 0.102902 0.011016 0.044855
0 0.419094 0.050112 0.014462 0.014101
0 0.444941 0.015620 0.014462 0.019578
