0 0.059524 0.576172 0.105442 0.121094
0 0.048044 0.647786 0.099490 0.115885
0 0.146684 0.644511 0.104592 0.184896
0 0.262110 0.527144 0.087585 0.140625
0 0.126701 0.510417 0.078211 0.098958
0 0.147789 0.410990 0.059524 0.080729
0 0.247024 0.419451 0.062075 0.074219
0 0.411690 0.158724 0.048469 0.071615
0 0.444101 0.107292 0.018265 0.065104
0 0.121854 0.188021 0.058671 0.078125
0 0.171599 0.141099 0.019116 0.061198
0 0.416241 0.279297 0.011461 0.042969
0 0.410272 0.218099 0.010612 0.055990
0 0.454082 0.272115 0.019116 0.049479
0 0.467687 0.218099 0.015714 0.066406
0 0.474065 0.167969 0.041667 0.046875
0 0.482991 0.126951 0.051020 0.051185
2 0.466817 0.091750 0.021810 0.054688
0 0.010187 0.544271 0.075680 0.104167
0 0.589711 0.141229 0.029762 0.041667
0 0.490221 0.075521 0.029762 0.016458
0 0.495121 0.011201 0.024660 0.027144
0 0.128656 0.107292 0.060174 0.072917
0 0.611651 0.116621 0.071509 0.047491
0 0.629115 0.262511 0.065478 0.058047
0 0.627161 0.214169 0.056001 0.046174
0 0.627591 0.211720 0.055140 0.052770
0 0.627161 0.158971 0.011878 0.051451
0 0.558216 0.048151 0.024985 0.010141
0 0.521141 0.075198 0.011785 0.029024
0 0.515405 0.058707 0.018954 0.027704
0 0.169124 0.162269 0.011016 0.055409
0 0.145862 0.188654 0.027570 0.055409
0 0.192186 0.082454 0.012719 0.015620
0 0.161091 0.102902 0.011016 0.044855
0 0.419094 0.050112 0.014462 0.014101
0 0.444941 0.015620 0.014462 0.019578
