0 0.058671 0.577474 0.105442 0.121094
0 0.048044 0.649089 0.099490 0.115885
0 0.142412 0.647115 0.104592 0.184896
0 0.258078 0.527144 0.087585 0.140625
0 0.121299 0.512170 0.081611 0.102865
0 0.146088 0.411594 0.062925 0.085918
0 0.247024 0.419451 0.062075 0.074219
0 0.411690 0.158724 0.048469 0.071615
0 0.441452 0.107292 0.018265 0.065104
0 0.121001 0.188021 0.058671 0.078125
0 0.171599 0.141099 0.019116 0.061198
0 0.415191 0.280599 0.011461 0.042969
0 0.429422 0.220701 0.010612 0.055990
0 0.454082 0.272115 0.019116 0.049479
0 0.466817 0.219401 0.015714 0.066406
0 0.471214 0.169922 0.041167 0.048177
0 0.481291 0.129557 0.051020 0.051185
2 0.465561 0.091750 0.024660 0.057292
0 0.010187 0.544271 0.075680 0.104167
0 0.582058 0.152144 0.029762 0.041667
0 0.489171 0.080729 0.029762 0.016458
0 0.492772 0.017109 0.024660 0.027144
0 0.141961 0.289062 0.060174 0.072917
0 0.611651 0.116621 0.071509 0.047491
0 0.629115 0.262511 0.065478 0.058047
0 0.627161 0.214169 0.056001 0.046174
0 0.627591 0.211720 0.055140 0.052770
0 0.627161 0.158971 0.011878 0.051451
0 0.558216 0.048151 0.024985 0.010141
0 0.521141 0.075198 0.011785 0.029024
0 0.515405 0.058707 0.018954 0.027704
0 0.169124 0.162269 0.011016 0.055409
0 0.145862 0.188654 0.027570 0.055409
0 0.192186 0.082454 0.012719 0.015620
0 0.161091 0.102902 0.011016 0.044855
0 0.419094 0.050112 0.014462 0.014101
0 0.444941 0.015620 0.014462 0.019578
