0 0.057821 0.577474 0.105442 0.121094
0 0.048044 0.650191 0.099490 0.115885
0 0.116480 0.669271 0.109694 0.156250
0 0.251827 0.512552 0.087585 0.140625
0 0.117147 0.514121 0.078211 0.098958
0 0.141517 0.416198 0.062925 0.085918
0 0.247024 0.419451 0.062075 0.074219
0 0.411990 0.161128 0.048469 0.071615
0 0.444101 0.107292 0.018265 0.065104
0 0.121854 0.188021 0.058671 0.078125
0 0.172449 0.141797 0.040816 0.061802
0 0.411690 0.281201 0.011461 0.042969
0 0.429422 0.222005 0.010612 0.055990
0 0.454912 0.270811 0.019116 0.049479
0 0.465986 0.219401 0.015714 0.066406
0 0.471214 0.174479 0.041667 0.046875
0 0.480867 0.116068 0.051571 0.055990
2 0.464711 0.098958 0.024660 0.057292
0 0.029117 0.545571 0.075680 0.104167
0 0.571001 0.158854 0.029762 0.041667
0 0.488520 0.088542 0.029762 0.016458
0 0.486820 0.044922 0.026161 0.029948
0 0.164171 0.257812 0.051871 0.062500
0 0.611651 0.116621 0.071509 0.047491
0 0.629115 0.262511 0.065478 0.058047
0 0.627161 0.214169 0.056001 0.046174
0 0.627591 0.211720 0.055140 0.052770
0 0.627161 0.158971 0.011878 0.051451
0 0.558216 0.048151 0.024985 0.010141
0 0.521141 0.075198 0.011785 0.029024
0 0.515405 0.058707 0.018954 0.027704
0 0.169124 0.162269 0.011016 0.055409
0 0.145862 0.188654 0.027570 0.055409
0 0.192186 0.082454 0.012719 0.015620
0 0.161091 0.102902 0.011016 0.044855
0 0.419094 0.050112 0.014462 0.014101
0 0.444941 0.015620 0.014462 0.019578
