0 0.057821 0.576172 0.105442 0.121094
0 0.047194 0.649089 0.099490 0.115885
0 0.118180 0.669271 0.114796 0.164062
0 0.250425 0.517760 0.087585 0.140625
0 0.111820 0.515625 0.071980 0.091750
0 0.140561 0.418151 0.065476 0.089844
0 0.247874 0.419451 0.062075 0.074219
0 0.411990 0.162610 0.048469 0.071615
0 0.441452 0.108594 0.018265 0.065104
0 0.120578 0.188672 0.061224 0.082011
0 0.171599 0.141099 0.019116 0.061198
0 0.411690 0.281201 0.011461 0.042969
0 0.429422 0.222005 0.010612 0.055990
0 0.454912 0.272115 0.019116 0.049479
0 0.466817 0.218099 0.015714 0.066406
0 0.474065 0.174479 0.041667 0.046875
0 0.480867 0.117170 0.051571 0.055990
2 0.462160 0.097656 0.024660 0.057292
0 0.010187 0.544271 0.075680 0.104167
0 0.561150 0.166667 0.029762 0.041667
0 0.487670 0.095052 0.029762 0.016458
0 0.486820 0.047526 0.026161 0.029948
0 0.171724 0.240214 0.046769 0.055990
0 0.611651 0.116621 0.071509 0.047491
0 0.629115 0.262511 0.065478 0.058047
0 0.627161 0.214169 0.056001 0.046174
0 0.627591 0.211720 0.055140 0.052770
0 0.627161 0.158971 0.011878 0.051451
0 0.558216 0.048151 0.024985 0.010141
0 0.521141 0.075198 0.011785 0.029024
0 0.515405 0.058707 0.018954 0.027704
0 0.169124 0.162269 0.011016 0.055409
0 0.145862 0.188654 0.027570 0.055409
0 0.192186 0.082454 0.012719 0.015620
0 0.161091 0.102902 0.011016 0.044855
0 0.419094 0.050112 0.014462 0.014101
0 0.444941 0.015620 0.014462 0.019578
