0 0.058671 0.576172 0.105442 0.121094
0 0.047194 0.650191 0.099490 0.115885
0 0.101741 0.699219 0.120748 0.171875
0 0.246599 0.542118 0.091817 0.147115
0 0.110119 0.516927 0.071980 0.091750
0 0.119711 0.440755 0.065476 0.089844
0 0.247874 0.418151 0.062075 0.074219
0 0.411119 0.161912 0.048469 0.071615
0 0.444101 0.108594 0.018265 0.065104
0 0.120578 0.188672 0.061224 0.082011
0 0.170748 0.141099 0.040816 0.061802
0 0.412840 0.284505 0.011461 0.042969
0 0.429422 0.221107 0.010612 0.055990
0 0.454912 0.270811 0.019116 0.049479
0 0.466817 0.218099 0.015714 0.066406
0 0.471214 0.175781 0.041667 0.046875
0 0.480867 0.119974 0.051571 0.055990
2 0.461110 0.097656 0.024660 0.057292
0 0.010187 0.545571 0.075680 0.104167
0 0.558248 0.166667 0.029762 0.041667
0 0.485969 0.096154 0.029762 0.016458
0 0.484269 0.051412 0.026161 0.029948
0 0.176701 0.220052 0.044218 0.052081
0 0.611651 0.116621 0.071509 0.047491
0 0.629115 0.262511 0.065478 0.058047
0 0.627161 0.214169 0.056001 0.046174
0 0.627591 0.211720 0.055140 0.052770
0 0.627161 0.158971 0.011878 0.051451
0 0.558216 0.048151 0.024985 0.010141
0 0.521141 0.075198 0.011785 0.029024
0 0.515405 0.058707 0.018954 0.027704
0 0.169124 0.162269 0.011016 0.055409
0 0.145862 0.188654 0.027570 0.055409
0 0.192186 0.082454 0.012719 0.015620
0 0.161091 0.102902 0.011016 0.044855
0 0.419094 0.050112 0.014462 0.014101
0 0.444941 0.015620 0.014462 0.019578
