0 0.058671 0.576172 0.105442 0.121094
0 0.047194 0.647786 0.099490 0.115885
0 0.096088 0.707682 0.112651 0.188802
0 0.226616 0.561151 0.096088 0.154948
0 0.098214 0.520811 0.071980 0.091750
0 0.111759 0.445964 0.065476 0.089844
0 0.247024 0.419451 0.062075 0.074219
0 0.406017 0.170441 0.050170 0.074219
0 0.444101 0.107292 0.018265 0.065104
0 0.121854 0.189121 0.058671 0.078125
0 0.171599 0.140495 0.040816 0.061802
0 0.412840 0.284505 0.011461 0.042969
0 0.429422 0.221107 0.010612 0.055990
0 0.454912 0.272115 0.019116 0.049479
0 0.465986 0.218750 0.014014 0.062500
0 0.474915 0.177081 0.041667 0.046875
0 0.478741 0.141276 0.056122 0.058594
0 0.010187 0.545571 0.075680 0.104167
0 0.544218 0.180119 0.010612 0.042969
0 0.478741 0.108724 0.010612 0.017760
0 0.480017 0.060547 0.026161 0.029948
0 0.194981 0.186849 0.041667 0.050781
0 0.611651 0.116621 0.071509 0.047491
0 0.629115 0.262511 0.065478 0.058047
0 0.627161 0.214169 0.056001 0.046174
0 0.627591 0.211720 0.055140 0.052770
0 0.627161 0.158971 0.011878 0.051451
0 0.558216 0.048151 0.024985 0.010141
0 0.521141 0.075198 0.011785 0.029024
0 0.515405 0.058707 0.018954 0.027704
0 0.169124 0.162269 0.011016 0.055409
0 0.145862 0.188654 0.027570 0.055409
0 0.192186 0.082454 0.012719 0.015620
0 0.161091 0.102902 0.011016 0.044855
0 0.419094 0.050112 0.014462 0.014101
0 0.444941 0.015620 0.014462 0.019578
