0 0.059524 0.574870 0.105442 0.121094
0 0.047194 0.647786 0.099490 0.115885
0 0.096088 0.706180 0.112651 0.188802
0 0.221919 0.568159 0.091817 0.147115
0 0.091112 0.522115 0.071980 0.091750
0 0.112908 0.447917 0.068878 0.091750
0 0.249575 0.448568 0.068878 0.089844
0 0.406888 0.171047 0.050170 0.074219
0 0.445151 0.107292 0.018265 0.065104
0 0.121854 0.189121 0.058671 0.078125
0 0.171599 0.141797 0.040816 0.061802
0 0.411690 0.287109 0.011461 0.042969
0 0.429422 0.221107 0.010612 0.055990
0 0.454082 0.272115 0.019116 0.049479
0 0.465986 0.218750 0.014014 0.062500
0 0.471214 0.175781 0.041667 0.046875
0 0.480442 0.142578 0.056122 0.058594
0 0.010187 0.544271 0.075680 0.104167
0 0.541667 0.185547 0.010612 0.042969
0 0.477891 0.111128 0.010612 0.017760
0 0.480017 0.061151 0.026161 0.029948
0 0.198184 0.177714 0.041667 0.050781
0 0.611651 0.116621 0.071509 0.047491
0 0.629115 0.262511 0.065478 0.058047
0 0.627161 0.214169 0.056001 0.046174
0 0.627591 0.211720 0.055140 0.052770
0 0.627161 0.158971 0.011878 0.051451
0 0.558216 0.048151 0.024985 0.010141
0 0.521141 0.075198 0.011785 0.029024
0 0.515405 0.058707 0.018954 0.027704
0 0.169124 0.162269 0.011016 0.055409
0 0.145862 0.188654 0.027570 0.055409
0 0.192186 0.082454 0.012719 0.015620
0 0.161091 0.102902 0.011016 0.044855
0 0.419094 0.050112 0.014462 0.014101
0 0.444941 0.015620 0.014462 0.019578
