0 0.057821 0.574870 0.105442 0.121094
0 0.047194 0.649089 0.099490 0.115885
0 0.094188 0.708984 0.112651 0.188802
0 0.209184 0.581180 0.091817 0.147115
0 0.074810 0.541620 0.081611 0.102865
0 0.126105 0.455729 0.068878 0.091750
0 0.249575 0.445112 0.072279 0.091750
0 0.196684 0.187170 0.048469 0.071615
0 0.444101 0.107292 0.018265 0.065104
0 0.121001 0.189121 0.058671 0.078125
0 0.170748 0.141099 0.019116 0.061198
0 0.411690 0.285807 0.011461 0.042969
0 0.428571 0.224609 0.010612 0.055990
0 0.454507 0.272115 0.016565 0.046875
0 0.465986 0.218750 0.014014 0.062500
0 0.474065 0.176412 0.041167 0.048177
0 0.480017 0.145182 0.051571 0.055990
0 0.010187 0.544271 0.075680 0.104167
0 0.528912 0.201776 0.012111 0.045571
0 0.465116 0.121745 0.010612 0.017760
0 0.478741 0.070112 0.025510 0.028646
0 0.407718 0.149089 0.019966 0.048177
0 0.611651 0.116621 0.071509 0.047491
0 0.629115 0.262511 0.065478 0.058047
0 0.627161 0.214169 0.056001 0.046174
0 0.627591 0.211720 0.055140 0.052770
0 0.627161 0.158971 0.011878 0.051451
0 0.558216 0.048151 0.024985 0.010141
0 0.521141 0.075198 0.011785 0.029024
0 0.515405 0.058707 0.018954 0.027704
0 0.169124 0.162269 0.011016 0.055409
0 0.145862 0.188654 0.027570 0.055409
0 0.192186 0.082454 0.012719 0.015620
0 0.161091 0.102902 0.011016 0.044855
0 0.419094 0.050112 0.014462 0.014101
0 0.444941 0.015620 0.014462 0.019578
