0 0.056971 0.574870 0.105442 0.121094
0 0.047194 0.647786 0.099490 0.115885
0 0.071554 0.720701 0.125000 0.149740
0 0.198980 0.591797 0.091817 0.147115
0 0.066752 0.554016 0.085884 0.108071
0 0.116752 0.462891 0.065476 0.089844
0 0.248724 0.445964 0.065476 0.084615
0 0.180527 0.409505 0.048469 0.071615
0 0.440901 0.111198 0.018265 0.065104
0 0.121854 0.188021 0.058671 0.078125
0 0.170748 0.141797 0.040816 0.061802
0 0.411990 0.287109 0.011461 0.042969
0 0.428571 0.225911 0.010612 0.055990
0 0.454912 0.272115 0.019116 0.049479
0 0.466817 0.218750 0.014014 0.062500
0 0.474915 0.178185 0.041667 0.046875
0 0.479592 0.146484 0.051020 0.051185
0 0.010187 0.544271 0.075680 0.104167
0 0.515711 0.275191 0.041667 0.058594
0 0.448980 0.146484 0.010612 0.017760
0 0.476190 0.084615 0.025510 0.028646
0 0.421895 0.106120 0.041667 0.050781
0 0.514456 0.012552 0.022109 0.011854
0 0.548469 0.009766 0.015106 0.019511
0 0.611651 0.116621 0.071509 0.047491
0 0.629115 0.262511 0.065478 0.058047
0 0.627161 0.214169 0.056001 0.046174
0 0.627591 0.211720 0.055140 0.052770
0 0.627161 0.158971 0.011878 0.051451
0 0.558216 0.048151 0.024985 0.010141
0 0.521141 0.075198 0.011785 0.029024
0 0.515405 0.058707 0.018954 0.027704
0 0.169124 0.162269 0.011016 0.055409
0 0.145862 0.188654 0.027570 0.055409
0 0.192186 0.082454 0.012719 0.015620
0 0.161091 0.102902 0.011016 0.044855
0 0.419094 0.050112 0.014462 0.014101
0 0.444941 0.015620 0.014462 0.019578
