0 0.056971 0.574870 0.105442 0.121094
0 0.047194 0.647786 0.099490 0.115885
0 0.071554 0.719401 0.125000 0.149740
0 0.197279 0.590495 0.091817 0.147115
0 0.057821 0.561849 0.102041 0.121094
0 0.116752 0.464844 0.068878 0.091750
0 0.248724 0.444661 0.065476 0.084615
0 0.179677 0.410807 0.048469 0.071615
0 0.414949 0.119010 0.019966 0.067708
0 0.121001 0.186719 0.058671 0.078125
0 0.170748 0.141099 0.040816 0.061802
0 0.411990 0.284505 0.011461 0.042969
0 0.429422 0.224609 0.010612 0.055990
0 0.455782 0.269511 0.019116 0.049479
0 0.465116 0.218750 0.014014 0.062500
0 0.474065 0.177081 0.041667 0.046875
0 0.479592 0.147786 0.051020 0.051185
0 0.508929 0.118159 0.048469 0.079427
0 0.445578 0.157552 0.012111 0.019062
0 0.477466 0.091797 0.024660 0.027144
0 0.411548 0.085286 0.019966 0.048177
0 0.510204 0.019062 0.022109 0.011854
0 0.540816 0.011719 0.015106 0.020811
0 0.518707 0.012170 0.018707 0.024740
0 0.611651 0.116621 0.071509 0.047491
0 0.629115 0.262511 0.065478 0.058047
0 0.627161 0.214169 0.056001 0.046174
0 0.627591 0.211720 0.055140 0.052770
0 0.627161 0.158971 0.011878 0.051451
0 0.558216 0.048151 0.024985 0.010141
0 0.521141 0.075198 0.011785 0.029024
0 0.515405 0.058707 0.018954 0.027704
0 0.169124 0.162269 0.011016 0.055409
0 0.145862 0.188654 0.027570 0.055409
0 0.192186 0.082454 0.012719 0.015620
0 0.161091 0.102902 0.011016 0.044855
0 0.419094 0.050112 0.014462 0.014101
0 0.444941 0.015620 0.014462 0.019578
