0 0.056122 0.571568 0.105442 0.121094
0 0.047194 0.645182 0.099490 0.115885
0 0.074405 0.720701 0.125000 0.149740
0 0.195578 0.594401 0.091817 0.147115
0 0.058671 0.564451 0.102041 0.121094
0 0.115901 0.466146 0.068878 0.091750
0 0.247874 0.441159 0.065476 0.084615
0 0.178827 0.409505 0.048469 0.071615
0 0.421895 0.111984 0.041167 0.074219
0 0.121001 0.186719 0.058671 0.078125
0 0.170748 0.141099 0.040816 0.061802
0 0.411990 0.284505 0.011461 0.042969
0 0.429422 0.225911 0.010612 0.055990
0 0.454082 0.276042 0.019116 0.049479
0 0.465116 0.217448 0.014014 0.062500
0 0.474065 0.177714 0.041167 0.048177
0 0.478741 0.149089 0.051020 0.051185
0 0.462160 0.481771 0.058671 0.096154
0 0.441752 0.172526 0.011161 0.040165
0 0.500425 0.125651 0.024660 0.027144
0 0.506801 0.044271 0.022109 0.011854
0 0.526161 0.029948 0.015106 0.020811
0 0.502551 0.024740 0.020408 0.026042
0 0.611651 0.116621 0.071509 0.047491
0 0.629115 0.262511 0.065478 0.058047
0 0.627161 0.214169 0.056001 0.046174
0 0.627591 0.211720 0.055140 0.052770
0 0.627161 0.158971 0.011878 0.051451
0 0.558216 0.048151 0.024985 0.010141
0 0.521141 0.075198 0.011785 0.029024
0 0.515405 0.058707 0.018954 0.027704
0 0.169124 0.162269 0.011016 0.055409
0 0.145862 0.188654 0.027570 0.055409
0 0.192186 0.082454 0.012719 0.015620
0 0.161091 0.102902 0.011016 0.044855
0 0.419094 0.050112 0.014462 0.014101
0 0.444941 0.015620 0.014462 0.019578
