0 0.056122 0.571568 0.105442 0.121094
0 0.048044 0.646484 0.099490 0.115885
0 0.074405 0.720701 0.125000 0.149740
0 0.195578 0.594401 0.091817 0.147115
0 0.057821 0.561151 0.102041 0.121094
0 0.115901 0.464844 0.068878 0.091750
0 0.247024 0.444661 0.065476 0.084615
0 0.179677 0.409505 0.048469 0.071615
0 0.421044 0.116589 0.041167 0.074219
0 0.120151 0.186719 0.058671 0.078125
0 0.170748 0.141797 0.040816 0.061802
0 0.411990 0.281201 0.011461 0.042969
0 0.428571 0.225911 0.010612 0.055990
0 0.452181 0.276042 0.019116 0.049479
0 0.464286 0.218750 0.014014 0.062500
0 0.474065 0.177081 0.041667 0.046875
0 0.478116 0.147786 0.048469 0.050781
0 0.446001 0.511250 0.058671 0.096154
0 0.440901 0.171828 0.011161 0.040165
0 0.505527 0.116068 0.026161 0.029948
0 0.505952 0.045571 0.022109 0.011854
0 0.521810 0.011250 0.015106 0.020811
0 0.499150 0.012552 0.020408 0.026042
0 0.611651 0.116621 0.071509 0.047491
0 0.629115 0.262511 0.065478 0.058047
0 0.627161 0.214169 0.056001 0.046174
0 0.627591 0.211720 0.055140 0.052770
0 0.627161 0.158971 0.011878 0.051451
0 0.558216 0.048151 0.024985 0.010141
0 0.521141 0.075198 0.011785 0.029024
0 0.515405 0.058707 0.018954 0.027704
0 0.169124 0.162269 0.011016 0.055409
0 0.145862 0.188654 0.027570 0.055409
0 0.192186 0.082454 0.012719 0.015620
0 0.161091 0.102902 0.011016 0.044855
0 0.419094 0.050112 0.014462 0.014101
0 0.444941 0.015620 0.014462 0.019578
