0 0.055272 0.571568 0.105442 0.121094
0 0.048044 0.646484 0.099490 0.115885
0 0.074405 0.719401 0.125000 0.149740
0 0.195578 0.594401 0.091817 0.147115
0 0.057821 0.561151 0.102041 0.121094
0 0.115901 0.461542 0.068878 0.091750
0 0.247874 0.441159 0.065476 0.084615
0 0.177976 0.408201 0.050170 0.074219
0 0.416667 0.141146 0.045918 0.078125
0 0.120151 0.188021 0.058671 0.078125
0 0.170748 0.141797 0.042517 0.066406
0 0.411690 0.284505 0.011461 0.042969
0 0.428571 0.225911 0.010612 0.055990
0 0.450680 0.282552 0.019116 0.049479
0 0.465116 0.217448 0.014014 0.062500
0 0.474065 0.175781 0.041667 0.046875
0 0.479178 0.149781 0.026069 0.044185
0 0.408588 0.614115 0.058671 0.096154
0 0.441752 0.175110 0.011161 0.040165
0 0.511605 0.156901 0.028912 0.012552
0 0.505952 0.042969 0.022109 0.011854
0 0.519955 0.027917 0.019614 0.012707
0 0.544882 0.009894 0.020677 0.019789
0 0.611651 0.116621 0.071509 0.047491
0 0.629115 0.262511 0.065478 0.058047
0 0.627161 0.214169 0.056001 0.046174
0 0.627591 0.211720 0.055140 0.052770
0 0.627161 0.158971 0.011878 0.051451
0 0.558216 0.048151 0.024985 0.010141
0 0.521141 0.075198 0.011785 0.029024
0 0.515405 0.058707 0.018954 0.027704
0 0.169124 0.162269 0.011016 0.055409
0 0.145862 0.188654 0.027570 0.055409
0 0.192186 0.082454 0.012719 0.015620
0 0.161091 0.102902 0.011016 0.044855
0 0.419094 0.050112 0.014462 0.014101
0 0.444941 0.015620 0.014462 0.019578
