0 0.056122 0.571568 0.105442 0.121094
0 0.048044 0.647786 0.099490 0.115885
0 0.074405 0.720701 0.125000 0.149740
0 0.171044 0.621047 0.090986 0.147115
0 0.058671 0.561151 0.102041 0.121094
0 0.114201 0.464844 0.068878 0.091750
0 0.215544 0.460918 0.066127 0.101562
0 0.178827 0.408201 0.050170 0.074219
0 0.416667 0.142448 0.045918 0.078125
0 0.121854 0.186719 0.058671 0.078125
0 0.169898 0.141797 0.042517 0.066406
0 0.412840 0.284505 0.011461 0.042969
0 0.428571 0.227214 0.010612 0.055990
0 0.445578 0.295571 0.019116 0.049479
0 0.461415 0.222656 0.014014 0.062500
0 0.471214 0.175110 0.041167 0.048177
0 0.478741 0.147786 0.025510 0.042969
0 0.116752 0.861281 0.101190 0.145811
0 0.441752 0.176412 0.011161 0.040165
0 0.519111 0.209615 0.011461 0.054688
0 0.505952 0.044271 0.022109 0.011854
0 0.519111 0.027995 0.017857 0.029948
0 0.517415 0.012170 0.020408 0.019511
0 0.474490 0.051185 0.025510 0.044271
0 0.611651 0.116621 0.071509 0.047491
0 0.629115 0.262511 0.065478 0.058047
0 0.627161 0.214169 0.056001 0.046174
0 0.627591 0.211720 0.055140 0.052770
0 0.627161 0.158971 0.011878 0.051451
0 0.558216 0.048151 0.024985 0.010141
0 0.521141 0.075198 0.011785 0.029024
0 0.515405 0.058707 0.018954 0.027704
0 0.169124 0.162269 0.011016 0.055409
0 0.145862 0.188654 0.027570 0.055409
0 0.192186 0.082454 0.012719 0.015620
0 0.161091 0.102902 0.011016 0.044855
0 0.419094 0.050112 0.014462 0.014101
0 0.444941 0.015620 0.014462 0.019578
