0 0.061776 0.720701 0.110544 0.147115
0 0.062500 0.647786 0.094188 0.128906
0 0.061650 0.581180 0.109694 0.147115
0 0.011888 0.555990 0.075680 0.109175
0 0.178997 0.608071 0.097789 0.151646
0 0.155187 0.498698 0.071980 0.098958
0 0.102721 0.482422 0.062925 0.097656
0 0.126511 0.185417 0.059524 0.080729
0 0.177126 0.409505 0.058671 0.079427
0 0.179677 0.142448 0.058671 0.065104
0 0.414966 0.158724 0.045918 0.074219
0 0.406461 0.289714 0.042517 0.066406
0 0.441127 0.112500 0.017415 0.078125
0 0.487245 0.425781 0.015714 0.081111
0 0.429422 0.227214 0.027211 0.061198
0 0.458759 0.246745 0.014864 0.069010
0 0.442602 0.172526 0.011461 0.055990
0 0.477466 0.149740 0.029762 0.041667
0 0.471919 0.205078 0.014014 0.045571
2 0.458759 0.099609 0.017857 0.042969
0 0.517857 0.024089 0.020408 0.027144
0 0.519966 0.014121 0.022109 0.026042
0 0.611651 0.116621 0.071509 0.047491
0 0.629115 0.262511 0.065478 0.058047
0 0.627161 0.214169 0.056001 0.046174
0 0.627591 0.211720 0.055140 0.052770
0 0.627161 0.158971 0.011878 0.051451
0 0.558216 0.048151 0.024985 0.010141
0 0.521141 0.075198 0.011785 0.029024
0 0.515405 0.058707 0.018954 0.027704
0 0.169124 0.162269 0.011016 0.055409
0 0.145862 0.188654 0.027570 0.055409
0 0.192186 0.082454 0.012719 0.015620
0 0.161091 0.102902 0.011016 0.044855
0 0.419094 0.050112 0.014462 0.014101
0 0.444941 0.015620 0.014462 0.019578
