0 0.061776 0.719401 0.110544 0.147115
0 0.062500 0.647786 0.094188 0.128906
0 0.061650 0.581180 0.109694 0.147115
0 0.011888 0.557292 0.075680 0.109175
0 0.179847 0.609175 0.097789 0.151646
0 0.144981 0.501906 0.071980 0.098958
0 0.102721 0.482422 0.062925 0.097656
0 0.126511 0.185417 0.059524 0.080729
0 0.177976 0.408201 0.058671 0.079427
0 0.179677 0.141146 0.058671 0.065104
0 0.414966 0.157422 0.045918 0.074219
0 0.407111 0.289714 0.042517 0.066406
0 0.441127 0.111802 0.017415 0.078125
0 0.472789 0.468099 0.014014 0.079427
0 0.429422 0.228516 0.027211 0.061198
0 0.457908 0.249149 0.014864 0.069010
0 0.441752 0.171828 0.011161 0.058594
0 0.476616 0.151646 0.029762 0.041667
0 0.471919 0.208984 0.017415 0.050781
2 0.458759 0.098107 0.017857 0.042969
0 0.517857 0.025191 0.020408 0.027144
0 0.519966 0.015625 0.022109 0.026042
0 0.611651 0.116621 0.071509 0.047491
0 0.629115 0.262511 0.065478 0.058047
0 0.627161 0.214169 0.056001 0.046174
0 0.627591 0.211720 0.055140 0.052770
0 0.627161 0.158971 0.011878 0.051451
0 0.558216 0.048151 0.024985 0.010141
0 0.521141 0.075198 0.011785 0.029024
0 0.515405 0.058707 0.018954 0.027704
0 0.169124 0.162269 0.011016 0.055409
0 0.145862 0.188654 0.027570 0.055409
0 0.192186 0.082454 0.012719 0.015620
0 0.161091 0.102902 0.011016 0.044855
0 0.419094 0.050112 0.014462 0.014101
0 0.444941 0.015620 0.014462 0.019578
