0 0.062925 0.719401 0.110544 0.147115
0 0.062500 0.651691 0.094188 0.128906
0 0.062500 0.580078 0.109694 0.147115
0 0.011017 0.555990 0.075680 0.109175
0 0.178146 0.608071 0.097789 0.151646
0 0.144111 0.502604 0.071980 0.098958
0 0.297194 0.481771 0.065476 0.101562
0 0.271810 0.410119 0.071129 0.102865
0 0.176276 0.412109 0.058671 0.079427
0 0.168622 0.148107 0.060174 0.066406
0 0.414116 0.157422 0.045918 0.074219
0 0.406461 0.288411 0.042517 0.066406
0 0.440051 0.115755 0.014864 0.074219
0 0.429422 0.227865 0.027211 0.059896
0 0.451656 0.257161 0.011161 0.066406
0 0.440051 0.182292 0.011461 0.054688
0 0.471514 0.175781 0.011461 0.044271
0 0.468112 0.224609 0.014864 0.048177
2 0.454507 0.091797 0.021259 0.050781
0 0.519558 0.024089 0.020408 0.027144
0 0.519966 0.015625 0.022109 0.026042
0 0.407718 0.118021 0.029762 0.049479
0 0.477891 0.054016 0.021810 0.040165
0 0.455157 0.112812 0.029762 0.019062
0 0.497874 0.020811 0.024660 0.011250
0 0.611651 0.116621 0.071509 0.047491
0 0.629115 0.262511 0.065478 0.058047
0 0.627161 0.214169 0.056001 0.046174
0 0.627591 0.211720 0.055140 0.052770
0 0.627161 0.158971 0.011878 0.051451
0 0.558216 0.048151 0.024985 0.010141
0 0.521141 0.075198 0.011785 0.029024
0 0.515405 0.058707 0.018954 0.027704
0 0.169124 0.162269 0.011016 0.055409
0 0.145862 0.188654 0.027570 0.055409
0 0.192186 0.082454 0.012719 0.015620
0 0.161091 0.102902 0.011016 0.044855
0 0.419094 0.050112 0.014462 0.014101
0 0.444941 0.015620 0.014462 0.019578
