0 0.062075 0.719401 0.110544 0.147115
0 0.062500 0.649089 0.094188 0.128906
0 0.061650 0.581180 0.109694 0.147115
0 0.010187 0.555990 0.075680 0.109175
0 0.177296 0.606771 0.097789 0.151646
0 0.144111 0.502604 0.071980 0.098958
0 0.291791 0.484175 0.065476 0.101562
0 0.215544 0.451776 0.071129 0.102865
0 0.168197 0.422526 0.064626 0.087240
0 0.112481 0.186719 0.068027 0.078125
0 0.414966 0.157422 0.045918 0.074219
0 0.192857 0.109245 0.042517 0.066406
0 0.440476 0.116406 0.017415 0.078125
0 0.427296 0.215026 0.028061 0.061802
0 0.451656 0.258464 0.011161 0.066406
0 0.440901 0.186198 0.011461 0.054688
0 0.471514 0.175781 0.011461 0.044271
0 0.467262 0.224609 0.014864 0.048177
2 0.410697 0.160156 0.019558 0.046875
0 0.518707 0.024089 0.020408 0.027144
0 0.518265 0.016927 0.022109 0.026042
0 0.481844 0.096154 0.022109 0.016458
0 0.446854 0.160156 0.029762 0.019062
0 0.480017 0.048828 0.022959 0.029948
0 0.508078 0.160156 0.045068 0.054688
2 0.457908 0.087891 0.012755 0.015156
0 0.611651 0.116621 0.071509 0.047491
0 0.629115 0.262511 0.065478 0.058047
0 0.627161 0.214169 0.056001 0.046174
0 0.627591 0.211720 0.055140 0.052770
0 0.627161 0.158971 0.011878 0.051451
0 0.558216 0.048151 0.024985 0.010141
0 0.521141 0.075198 0.011785 0.029024
0 0.515405 0.058707 0.018954 0.027704
0 0.169124 0.162269 0.011016 0.055409
0 0.145862 0.188654 0.027570 0.055409
0 0.192186 0.082454 0.012719 0.015620
0 0.161091 0.102902 0.011016 0.044855
0 0.419094 0.050112 0.014462 0.014101
0 0.444941 0.015620 0.014462 0.019578
