0 0.060174 0.719401 0.110544 0.147115
0 0.062500 0.649089 0.094188 0.128906
0 0.061650 0.582682 0.109694 0.147115
0 0.028486 0.555990 0.075680 0.109175
0 0.176446 0.605469 0.097789 0.151646
0 0.144111 0.502604 0.071980 0.098958
0 0.294641 0.484175 0.065476 0.101562
0 0.214694 0.455078 0.071129 0.102865
0 0.162670 0.424479 0.067177 0.091146
0 0.124810 0.191880 0.071429 0.082011
0 0.412840 0.155469 0.041167 0.070112
0 0.181801 0.126172 0.044218 0.069010
0 0.440051 0.117057 0.014864 0.074219
0 0.419218 0.255859 0.028912 0.066406
0 0.451656 0.257161 0.011161 0.066406
0 0.417500 0.194010 0.011461 0.054688
0 0.472164 0.178185 0.011461 0.044271
0 0.468112 0.224609 0.014864 0.048177
2 0.428146 0.166016 0.021259 0.050781
0 0.518707 0.024089 0.020408 0.027144
0 0.517415 0.015625 0.022109 0.026042
0 0.506178 0.161458 0.026161 0.044271
0 0.445151 0.169271 0.029762 0.019062
0 0.474490 0.074870 0.028912 0.017760
0 0.516582 0.248698 0.056971 0.070112
2 0.455157 0.087240 0.012755 0.016458
0 0.482991 0.011201 0.021810 0.040165
0 0.487245 0.017578 0.021810 0.024740
0 0.611651 0.116621 0.071509 0.047491
0 0.629115 0.262511 0.065478 0.058047
0 0.627161 0.214169 0.056001 0.046174
0 0.627591 0.211720 0.055140 0.052770
0 0.627161 0.158971 0.011878 0.051451
0 0.558216 0.048151 0.024985 0.010141
0 0.521141 0.075198 0.011785 0.029024
0 0.515405 0.058707 0.018954 0.027704
0 0.169124 0.162269 0.011016 0.055409
0 0.145862 0.188654 0.027570 0.055409
0 0.192186 0.082454 0.012719 0.015620
0 0.161091 0.102902 0.011016 0.044855
0 0.419094 0.050112 0.014462 0.014101
0 0.444941 0.015620 0.014462 0.019578
