0 0.061224 0.718099 0.110544 0.147115
0 0.062500 0.647786 0.094188 0.128906
0 0.061650 0.581180 0.109694 0.147115
0 0.027616 0.555990 0.075680 0.109175
0 0.175595 0.604167 0.097789 0.151646
0 0.144111 0.502604 0.071980 0.098958
0 0.291241 0.488281 0.065476 0.101562
0 0.211844 0.455078 0.071129 0.102865
0 0.155867 0.411641 0.071980 0.100260
0 0.112075 0.404297 0.071429 0.082011
0 0.412840 0.155469 0.041167 0.070112
0 0.178401 0.110078 0.044218 0.069010
0 0.419201 0.116406 0.011161 0.070112
0 0.414116 0.267578 0.028912 0.066406
0 0.454507 0.258464 0.011161 0.066406
0 0.411122 0.214844 0.012111 0.057292
0 0.471514 0.178185 0.011461 0.044271
0 0.468112 0.224609 0.014864 0.048177
2 0.425595 0.172526 0.022959 0.055990
0 0.518707 0.021484 0.020408 0.027144
0 0.517415 0.016927 0.022109 0.026042
0 0.511905 0.291667 0.019116 0.072917
0 0.442602 0.175781 0.029762 0.019062
0 0.485119 0.112610 0.024660 0.012552
0 0.490221 0.410807 0.068878 0.084615
2 0.456207 0.088542 0.012755 0.016458
0 0.471088 0.057292 0.025510 0.044271
0 0.611651 0.116621 0.071509 0.047491
0 0.629115 0.262511 0.065478 0.058047
0 0.627161 0.214169 0.056001 0.046174
0 0.627591 0.211720 0.055140 0.052770
0 0.627161 0.158971 0.011878 0.051451
0 0.558216 0.048151 0.024985 0.010141
0 0.521141 0.075198 0.011785 0.029024
0 0.515405 0.058707 0.018954 0.027704
0 0.169124 0.162269 0.011016 0.055409
0 0.145862 0.188654 0.027570 0.055409
0 0.192186 0.082454 0.012719 0.015620
0 0.161091 0.102902 0.011016 0.044855
0 0.419094 0.050112 0.014462 0.014101
0 0.444941 0.015620 0.014462 0.019578
