0 0.060174 0.720701 0.110544 0.147115
0 0.062500 0.647786 0.094188 0.128906
0 0.062500 0.581984 0.109694 0.147115
0 0.028486 0.555990 0.075680 0.109175
0 0.177296 0.604167 0.097789 0.151646
0 0.144111 0.501102 0.071980 0.098958
0 0.291241 0.486979 0.062075 0.096154
0 0.214694 0.455078 0.071129 0.102865
0 0.155017 0.414245 0.071980 0.100260
0 0.112925 0.404297 0.071429 0.082011
0 0.412840 0.155469 0.045068 0.072917
0 0.176701 0.112682 0.044218 0.069010
0 0.419201 0.116406 0.011161 0.070112
0 0.414541 0.270182 0.028061 0.061802
0 0.451656 0.257161 0.011161 0.066406
0 0.428146 0.227865 0.011461 0.054688
0 0.470218 0.176412 0.012111 0.045571
0 0.469811 0.225911 0.014864 0.048177
2 0.420068 0.187500 0.025510 0.062500
0 0.518707 0.021484 0.020408 0.027144
0 0.518265 0.016927 0.022109 0.026042
0 0.471619 0.416821 0.052856 0.111711
0 0.418776 0.189451 0.010612 0.040165
0 0.506801 0.128906 0.015714 0.041667
0 0.442188 0.592162 0.081700 0.146520
2 0.455157 0.088542 0.012755 0.016458
0 0.475765 0.077474 0.029762 0.050781
0 0.482141 0.044271 0.021810 0.028646
0 0.611651 0.116621 0.071509 0.047491
0 0.629115 0.262511 0.065478 0.058047
0 0.627161 0.214169 0.056001 0.046174
0 0.627591 0.211720 0.055140 0.052770
0 0.627161 0.158971 0.011878 0.051451
0 0.558216 0.048151 0.024985 0.010141
0 0.521141 0.075198 0.011785 0.029024
0 0.515405 0.058707 0.018954 0.027704
0 0.169124 0.162269 0.011016 0.055409
0 0.145862 0.188654 0.027570 0.055409
0 0.192186 0.082454 0.012719 0.015620
0 0.161091 0.102902 0.011016 0.044855
0 0.419094 0.050112 0.014462 0.014101
0 0.444941 0.015620 0.014462 0.019578
