0 0.110000 0.486622 0.083158 0.063545
0 0.441579 0.468227 0.118947 0.066890
0 0.906842 0.517559 0.114737 0.081940
0 -0.008421 0.358696 0.084211 0.162207
0 0.032105 0.235786 0.034737 0.040134
0 0.056316 0.163880 0.043158 0.030100
0 0.130526 0.177258 0.033684 0.036789
0 0.097895 0.137960 0.029474 0.035117
0 0.295263 0.188963 0.057895 0.050167
1 0.086316 0.347826 0.035789 0.046823
2 0.085263 0.326923 0.014737 0.045151
0 0.883266 0.254380 0.061053 0.056856
0 0.991463 0.820106 0.068276 0.111111
0 0.993128 0.560847 0.041632 0.087302
