0 0.084211 0.446488 0.080000 0.060201
0 0.441579 0.468227 0.118947 0.066890
0 0.905789 0.519231 0.114737 0.081940
0 0.036842 0.226589 0.031579 0.035117
0 0.057368 0.163880 0.043158 0.030100
0 0.130526 0.177258 0.033684 0.036789
0 0.097895 0.139632 0.029474 0.035117
0 0.296316 0.188963 0.057895 0.050167
1 0.080000 0.326087 0.035789 0.046823
2 0.076316 0.305184 0.013684 0.041806
0 0.980526 0.567726 0.091579 0.118729
0 0.802105 0.819398 0.187368 0.133779
0 0.846168 0.238757 0.059117 0.030423
0 0.941921 0.277778 0.084096 0.060847
