0 0.077895 0.434783 0.080000 0.060201
0 0.440526 0.468227 0.118947 0.066890
0 0.905789 0.517559 0.114737 0.081940
0 0.037895 0.224916 0.031579 0.035117
0 0.056316 0.163880 0.043158 0.030100
0 0.130526 0.177258 0.033684 0.036789
0 0.097895 0.139632 0.029474 0.035117
0 0.295263 0.188963 0.057895 0.050167
1 0.077895 0.319398 0.035789 0.046823
2 0.074737 0.300167 0.014737 0.045151
0 0.975263 0.571906 0.095789 0.123746
0 0.738421 0.819398 0.196842 0.140468
0 0.856842 0.243311 0.061053 0.031773
0 0.943684 0.277592 0.083158 0.060201
