0 0.071579 0.418060 0.080000 0.060201
0 0.441579 0.469900 0.118947 0.066890
0 0.906842 0.519231 0.114737 0.081940
0 0.038947 0.221572 0.031579 0.035117
0 0.056316 0.163880 0.043158 0.030100
0 0.130526 0.178930 0.033684 0.036789
0 0.097895 0.139632 0.029474 0.035117
0 0.295263 0.188963 0.057895 0.050167
1 0.075789 0.312709 0.035789 0.046823
2 0.072632 0.291806 0.014737 0.045151
0 0.967895 0.571906 0.095789 0.123746
0 0.641579 0.814381 0.196842 0.140468
0 0.878947 0.251672 0.061053 0.031773
0 0.976316 0.295987 0.083158 0.060201
2 0.011579 0.284281 0.018947 0.050167
