0 0.070526 0.414716 0.080000 0.060201
0 0.441579 0.469900 0.118947 0.066890
0 0.906842 0.517559 0.114737 0.081940
0 0.038947 0.219900 0.031579 0.035117
0 0.056316 0.163880 0.043158 0.030100
0 0.130526 0.178930 0.033684 0.036789
0 0.098947 0.139632 0.029474 0.035117
0 0.295263 0.188963 0.057895 0.050167
1 0.075789 0.309365 0.035789 0.046823
2 0.072632 0.288462 0.014737 0.045151
0 0.967895 0.571906 0.095789 0.123746
0 0.612105 0.812709 0.196842 0.140468
0 0.885263 0.253344 0.061053 0.031773
0 0.983684 0.297659 0.083158 0.060201
2 0.013684 0.285953 0.018947 0.050167
