0 0.053684 0.363712 0.075789 0.058528
0 0.441579 0.469900 0.118947 0.066890
0 0.905789 0.519231 0.114737 0.081940
0 0.040526 0.209866 0.028421 0.031773
0 0.056316 0.163880 0.043158 0.030100
0 0.130526 0.177258 0.033684 0.036789
0 0.097895 0.139632 0.029474 0.035117
0 0.296316 0.190635 0.057895 0.050167
1 0.071053 0.281773 0.034737 0.045151
2 0.067368 0.261706 0.012632 0.038462
0 0.965789 0.571906 0.095789 0.123746
0 0.243684 0.788462 0.196842 0.138796
2 0.045263 0.282609 0.018947 0.050167
0 0.985263 0.294314 0.063158 0.046823
0 0.038947 0.463211 0.082105 0.056856
0 0.671053 0.882107 0.291579 0.212375
