0 0.051053 0.345318 0.068421 0.051839
0 0.440526 0.469900 0.118947 0.066890
0 0.905789 0.519231 0.114737 0.081940
0 0.040526 0.204849 0.028421 0.031773
0 0.056316 0.165552 0.043158 0.030100
0 0.130526 0.177258 0.033684 0.036789
0 0.097895 0.139632 0.029474 0.035117
0 0.296316 0.187291 0.057895 0.050167
1 0.070000 0.268395 0.034737 0.045151
2 0.066316 0.254181 0.010526 0.033445
0 0.965789 0.571906 0.095789 0.123746
0 0.084211 0.786789 0.187368 0.132107
2 0.055263 0.279264 0.017895 0.046823
0 0.047368 0.446488 0.082105 0.056856
0 0.454211 0.880435 0.291579 0.212375
0 0.959474 0.816890 0.078947 0.102007
