0 0.047368 0.331104 0.065263 0.050167
0 0.441579 0.468227 0.118947 0.066890
0 0.905789 0.519231 0.114737 0.081940
0 0.038421 0.202341 0.030526 0.033445
0 0.057368 0.163880 0.043158 0.030100
0 0.130526 0.177258 0.033684 0.036789
0 0.097895 0.139632 0.029474 0.035117
0 0.295263 0.188963 0.057895 0.050167
1 0.067368 0.262542 0.035789 0.046823
2 0.063684 0.243311 0.011579 0.035117
0 0.965789 0.571906 0.095789 0.123746
2 0.069474 0.277592 0.018947 0.050167
0 0.068421 0.423077 0.082105 0.056856
0 0.173158 0.885452 0.291579 0.212375
0 0.856316 0.811873 0.180000 0.125418
2 0.166316 0.259197 0.014737 0.046823
