0 0.046316 0.329431 0.065263 0.050167
0 0.440526 0.468227 0.118947 0.066890
0 0.904737 0.519231 0.114737 0.081940
0 0.038421 0.198997 0.030526 0.033445
0 0.057368 0.163880 0.043158 0.030100
0 0.130526 0.177258 0.033684 0.036789
0 0.097895 0.139632 0.029474 0.035117
0 0.296316 0.187291 0.057895 0.050167
1 0.067368 0.264214 0.035789 0.046823
2 0.062632 0.243311 0.011579 0.035117
0 0.966842 0.570234 0.095789 0.123746
2 0.070526 0.277592 0.018947 0.050167
0 0.069474 0.419732 0.082105 0.056856
0 0.125789 0.883779 0.291579 0.212375
0 0.828947 0.810201 0.180000 0.125418
2 0.165263 0.257525 0.014737 0.046823
