0 0.044737 0.314381 0.062105 0.046823
0 0.441579 0.468227 0.118947 0.066890
0 0.904737 0.519231 0.114737 0.081940
0 0.034737 0.197324 0.027368 0.030100
0 0.056316 0.163880 0.043158 0.030100
0 0.130526 0.177258 0.033684 0.036789
0 0.098947 0.139632 0.029474 0.035117
0 0.295263 0.187291 0.057895 0.050167
1 0.062632 0.255017 0.036842 0.048495
2 0.060000 0.234950 0.010526 0.031773
0 0.965789 0.573579 0.095789 0.123746
2 0.082105 0.275920 0.018947 0.050167
0 0.692105 0.798495 0.180000 0.125418
2 0.155263 0.258361 0.013684 0.045151
0 0.070000 0.404682 0.062105 0.073579
