0 0.044737 0.311037 0.062105 0.046823
0 0.441579 0.468227 0.118947 0.066890
0 0.905789 0.517559 0.114737 0.081940
0 0.034737 0.195652 0.027368 0.030100
0 0.056316 0.163880 0.043158 0.030100
0 0.130526 0.177258 0.033684 0.036789
0 0.097895 0.139632 0.029474 0.035117
0 0.295263 0.190635 0.057895 0.050167
1 0.061579 0.258361 0.036842 0.048495
2 0.057895 0.234114 0.010526 0.033445
0 0.966842 0.573579 0.095789 0.123746
2 0.083158 0.275920 0.018947 0.050167
0 0.665789 0.795151 0.180000 0.125418
2 0.154211 0.258361 0.013684 0.045151
0 0.069474 0.403846 0.065263 0.078595
