0 0.043158 0.311873 0.058947 0.045151
0 0.441579 0.468227 0.118947 0.066890
0 0.905789 0.519231 0.114737 0.081940
0 0.033684 0.197324 0.027368 0.030100
0 0.056316 0.163880 0.043158 0.030100
0 0.130526 0.177258 0.033684 0.036789
0 0.097895 0.139632 0.029474 0.035117
0 0.295263 0.188963 0.057895 0.050167
1 0.061579 0.260033 0.036842 0.048495
2 0.057895 0.233278 0.010526 0.031773
0 0.965789 0.573579 0.095789 0.123746
2 0.083684 0.276756 0.020000 0.051839
0 0.666842 0.793478 0.171579 0.118729
2 0.153158 0.258361 0.013684 0.045151
0 0.069474 0.403846 0.065263 0.078595
