0 0.043158 0.305184 0.058947 0.045151
0 0.441579 0.468227 0.118947 0.066890
0 0.905789 0.519231 0.114737 0.081940
0 0.034211 0.198161 0.026316 0.028428
0 0.056316 0.163880 0.043158 0.030100
0 0.129474 0.177258 0.033684 0.036789
0 0.097895 0.139632 0.029474 0.035117
0 0.296316 0.188963 0.057895 0.050167
1 0.060526 0.263378 0.036842 0.048495
2 0.056842 0.230769 0.010526 0.033445
0 0.965789 0.571906 0.095789 0.123746
2 0.087368 0.273411 0.021053 0.055184
0 0.610000 0.788462 0.171579 0.118729
2 0.150526 0.255853 0.014737 0.046823
0 0.073158 0.394649 0.062105 0.073579
