0 0.043158 0.301839 0.058947 0.045151
0 0.441579 0.468227 0.118947 0.066890
0 0.905789 0.517559 0.114737 0.081940
0 0.031053 0.196488 0.026316 0.028428
0 0.056316 0.163880 0.043158 0.030100
0 0.131579 0.176421 0.035789 0.038462
0 0.098947 0.139632 0.029474 0.035117
0 0.296316 0.187291 0.057895 0.050167
1 0.059474 0.258361 0.036842 0.048495
2 0.056842 0.229097 0.010526 0.033445
0 0.965789 0.571906 0.095789 0.123746
2 0.092105 0.272575 0.022105 0.056856
0 0.557368 0.782609 0.163158 0.113712
2 0.148421 0.255853 0.014737 0.046823
0 0.075263 0.384615 0.062105 0.073579
