0 0.041053 0.287625 0.056842 0.043478
0 0.441579 0.468227 0.118947 0.066890
0 0.905789 0.519231 0.114737 0.081940
0 0.056316 0.163880 0.043158 0.030100
0 0.130526 0.177258 0.033684 0.036789
0 0.097895 0.141304 0.029474 0.035117
0 0.295263 0.188963 0.057895 0.050167
1 0.056316 0.256689 0.036842 0.048495
2 0.052632 0.220736 0.010526 0.033445
0 0.966842 0.571906 0.095789 0.123746
2 0.103158 0.271739 0.021053 0.055184
0 0.408947 0.769231 0.163158 0.113712
2 0.138947 0.255017 0.014737 0.048495
0 0.080000 0.369565 0.056842 0.066890
0 0.027368 0.460702 0.084211 0.068562
