0 0.042105 0.285953 0.056842 0.043478
0 0.441579 0.468227 0.118947 0.066890
0 0.904737 0.519231 0.114737 0.081940
0 0.056316 0.163880 0.043158 0.030100
0 0.130526 0.177258 0.033684 0.036789
0 0.097895 0.141304 0.029474 0.035117
0 0.295263 0.188963 0.057895 0.050167
1 0.055263 0.255017 0.036842 0.048495
2 0.053158 0.221572 0.011579 0.035117
0 0.966842 0.571906 0.095789 0.123746
2 0.104211 0.273411 0.021053 0.055184
0 0.380526 0.767559 0.163158 0.113712
2 0.138947 0.255017 0.014737 0.048495
0 0.079474 0.366221 0.053684 0.063545
0 0.031579 0.457358 0.084211 0.068562
0 0.018110 0.195767 0.034971 0.039683
