0 0.041053 0.275920 0.056842 0.043478
0 0.441579 0.468227 0.118947 0.066890
0 0.905789 0.519231 0.114737 0.081940
0 0.056316 0.163880 0.043158 0.030100
0 0.130526 0.175585 0.033684 0.036789
0 0.098947 0.139632 0.029474 0.035117
0 0.296316 0.190635 0.057895 0.050167
1 0.053158 0.248328 0.036842 0.048495
2 0.051579 0.219064 0.010526 0.033445
0 0.966842 0.570234 0.095789 0.123746
2 0.113684 0.270067 0.021053 0.055184
0 0.267368 0.761706 0.170526 0.118729
2 0.131579 0.255853 0.014737 0.046823
0 0.083158 0.352843 0.056842 0.066890
0 0.041053 0.442308 0.084211 0.068562
0 0.014211 0.194816 0.034737 0.038462
