0 0.040000 0.259197 0.056842 0.043478
0 0.441579 0.466555 0.118947 0.066890
0 0.904737 0.519231 0.114737 0.081940
0 0.055263 0.162207 0.043158 0.030100
0 0.128421 0.178094 0.035789 0.038462
0 0.096842 0.139632 0.029474 0.035117
0 0.295263 0.187291 0.057895 0.050167
1 0.050526 0.235786 0.033684 0.043478
2 0.047368 0.208194 0.010526 0.031773
0 0.965789 0.570234 0.095789 0.123746
2 0.121579 0.269231 0.017895 0.046823
0 0.061053 0.755017 0.170526 0.118729
2 0.123158 0.256689 0.014737 0.048495
0 0.081579 0.336120 0.053684 0.063545
0 0.066316 0.417224 0.080000 0.065217
0 0.004737 0.192308 0.032632 0.036789
0 0.018526 0.365741 0.034138 0.062169
