0 0.041053 0.250836 0.056842 0.043478
0 0.440526 0.466555 0.118947 0.066890
0 0.904737 0.519231 0.114737 0.081940
0 0.056316 0.162207 0.043158 0.030100
0 0.129474 0.178094 0.035789 0.038462
0 0.097895 0.137960 0.029474 0.035117
0 0.295263 0.185619 0.057895 0.050167
1 0.048421 0.230769 0.031579 0.040134
2 0.045263 0.204849 0.010526 0.031773
0 0.964737 0.571906 0.095789 0.123746
2 0.127368 0.257525 0.016842 0.053512
0 0.081579 0.326087 0.053684 0.063545
0 0.073684 0.403846 0.075789 0.061873
2 0.956842 0.305184 0.012632 0.035117
1 0.957368 0.312709 0.036842 0.036789
0 0.018947 0.353679 0.037895 0.078595
