0 0.041053 0.244147 0.056842 0.043478
0 0.440526 0.468227 0.118947 0.066890
0 0.904737 0.519231 0.114737 0.081940
0 0.055263 0.160535 0.043158 0.030100
0 0.129474 0.176421 0.035789 0.038462
0 0.097895 0.137960 0.029474 0.035117
0 0.295263 0.183946 0.057895 0.050167
1 0.045263 0.225753 0.031579 0.040134
2 0.041053 0.204849 0.010526 0.031773
0 0.964737 0.570234 0.095789 0.123746
0 0.081053 0.317726 0.050526 0.060201
0 0.080526 0.388796 0.072632 0.058528
2 0.976842 0.316054 0.014737 0.040134
1 0.977368 0.321906 0.034737 0.035117
0 0.024211 0.341973 0.037895 0.078595
2 0.137368 0.261706 0.013684 0.051839
0 0.960000 0.825251 0.098947 0.155518
