0 0.041053 0.240803 0.056842 0.043478
0 0.440526 0.468227 0.118947 0.066890
0 0.904737 0.519231 0.114737 0.081940
0 0.056316 0.161371 0.041053 0.028428
0 0.129474 0.176421 0.035789 0.038462
0 0.097895 0.137960 0.029474 0.035117
0 0.295263 0.183946 0.057895 0.050167
1 0.044211 0.224080 0.031579 0.040134
2 0.041053 0.203177 0.010526 0.031773
0 0.964737 0.570234 0.095789 0.123746
0 0.080000 0.317726 0.050526 0.060201
0 0.082632 0.387124 0.072632 0.058528
2 0.980526 0.317726 0.013684 0.036789
1 0.980526 0.323579 0.034737 0.035117
0 0.024211 0.338629 0.037895 0.078595
2 0.139474 0.261706 0.013684 0.051839
0 0.948582 0.820767 0.132389 0.152116
