0 0.041053 0.231605 0.050526 0.038462
0 0.440526 0.468227 0.118947 0.066890
0 0.904737 0.517559 0.114737 0.081940
0 0.056316 0.160535 0.043158 0.030100
0 0.129474 0.176421 0.035789 0.038462
0 0.097895 0.139632 0.029474 0.035117
0 0.295263 0.187291 0.057895 0.050167
1 0.036842 0.217391 0.031579 0.040134
2 0.034737 0.199833 0.010526 0.031773
0 0.964737 0.571906 0.095789 0.123746
0 0.080000 0.306020 0.050526 0.060201
0 0.087895 0.370401 0.068421 0.055184
0 0.028421 0.322742 0.035789 0.073579
2 0.150000 0.260033 0.013684 0.051839
0 0.822105 0.821070 0.195789 0.170569
2 0.104211 0.257525 0.021053 0.056856
0 0.008947 0.479097 0.085263 0.065217
