0 0.041053 0.226589 0.050526 0.038462
0 0.440526 0.468227 0.118947 0.066890
0 0.905789 0.517559 0.114737 0.081940
0 0.056316 0.162207 0.043158 0.030100
0 0.130526 0.174749 0.035789 0.038462
0 0.096842 0.137960 0.029474 0.035117
0 0.295263 0.185619 0.057895 0.050167
1 0.030526 0.217391 0.031579 0.040134
2 0.030526 0.199833 0.010526 0.031773
0 0.964737 0.570234 0.095789 0.123746
0 0.081053 0.302676 0.050526 0.060201
0 0.090000 0.362040 0.072632 0.058528
0 0.030526 0.316054 0.035789 0.073579
2 0.154737 0.259197 0.012632 0.050167
0 0.730526 0.816054 0.195789 0.170569
2 0.099474 0.256689 0.022105 0.058528
0 0.031821 0.463848 0.093684 0.071906
