0 0.042105 0.221572 0.050526 0.038462
0 0.440526 0.466555 0.118947 0.066890
0 0.903684 0.517559 0.114737 0.081940
0 0.056316 0.160535 0.043158 0.030100
0 0.128421 0.176421 0.035789 0.038462
0 0.097895 0.139632 0.029474 0.035117
0 0.295263 0.185619 0.057895 0.050167
1 0.021579 0.213211 0.034737 0.045151
0 0.965789 0.571906 0.095789 0.123746
0 0.080000 0.299331 0.050526 0.060201
0 0.091579 0.349498 0.065263 0.053512
0 0.030526 0.304348 0.035789 0.073579
2 0.162632 0.260033 0.013684 0.055184
0 0.573684 0.819398 0.195789 0.170569
2 0.092632 0.255853 0.021053 0.056856
0 0.058947 0.439799 0.088421 0.066890
