0 0.042105 0.210702 0.048421 0.036789
0 0.440526 0.466555 0.118947 0.066890
0 0.904737 0.520903 0.114737 0.081940
0 0.056316 0.160535 0.043158 0.030100
0 0.129474 0.176421 0.035789 0.038462
0 0.097895 0.137960 0.029474 0.035117
0 0.296316 0.183946 0.057895 0.050167
0 0.964737 0.570234 0.095789 0.123746
0 0.078947 0.294314 0.050526 0.060201
0 0.092105 0.336120 0.062105 0.050167
0 0.031579 0.292642 0.033684 0.070234
0 0.364737 0.811873 0.205263 0.178930
0 0.072632 0.409699 0.088421 0.066890
2 0.081579 0.256689 0.015789 0.048495
0 0.020526 0.376254 0.034737 0.076923
2 0.176842 0.265886 0.016842 0.043478
2 0.164211 0.262542 0.012632 0.046823
