0 0.041053 0.208194 0.046316 0.035117
0 0.439474 0.466555 0.118947 0.066890
0 0.903684 0.520903 0.114737 0.081940
0 0.056316 0.160535 0.043158 0.030100
0 0.129474 0.176421 0.035789 0.038462
0 0.097895 0.137960 0.029474 0.035117
0 0.295263 0.183110 0.060000 0.051839
0 0.964737 0.571906 0.095789 0.123746
0 0.080000 0.290970 0.048421 0.056856
0 0.092105 0.329431 0.062105 0.050167
0 0.030526 0.290970 0.033684 0.070234
0 0.228947 0.822742 0.215789 0.187291
0 0.083158 0.394649 0.088421 0.066890
2 0.074211 0.256689 0.015789 0.048495
0 0.018947 0.367893 0.035789 0.080268
2 0.170000 0.263378 0.013684 0.051839
