0 0.040000 0.204849 0.042105 0.031773
0 0.440526 0.466555 0.118947 0.066890
0 0.903684 0.519231 0.114737 0.081940
0 0.055263 0.160535 0.043158 0.030100
0 0.130526 0.178094 0.035789 0.038462
0 0.097895 0.137960 0.029474 0.035117
0 0.295263 0.184783 0.060000 0.051839
0 0.965789 0.571906 0.095789 0.123746
0 0.080000 0.290970 0.048421 0.056856
0 0.092105 0.326087 0.062105 0.050167
0 0.031579 0.284281 0.033684 0.070234
0 0.127895 0.819398 0.215789 0.187291
0 0.084211 0.382943 0.088421 0.066890
2 0.068947 0.256689 0.015789 0.048495
0 0.021579 0.359532 0.034737 0.076923
2 0.173158 0.263378 0.013684 0.051839
0 0.947749 0.814153 0.117402 0.154762
