0 0.040000 0.204013 0.044211 0.033445
0 0.440526 0.466555 0.118947 0.066890
0 0.903684 0.519231 0.114737 0.081940
0 0.055263 0.160535 0.043158 0.030100
0 0.130526 0.178094 0.035789 0.038462
0 0.096842 0.139632 0.029474 0.035117
0 0.295263 0.183110 0.060000 0.051839
0 0.965789 0.571906 0.095789 0.123746
0 0.078947 0.290970 0.048421 0.056856
0 0.092105 0.324415 0.062105 0.050167
0 0.031579 0.284281 0.035789 0.073579
0 0.126842 0.814381 0.215789 0.187291
0 0.081053 0.384615 0.088421 0.066890
2 0.067895 0.255017 0.015789 0.048495
0 0.021579 0.361204 0.034737 0.076923
2 0.173158 0.263378 0.013684 0.051839
0 0.946842 0.812709 0.116842 0.153846
