0 0.038947 0.203177 0.042105 0.031773
0 0.440526 0.466555 0.118947 0.066890
0 0.903684 0.519231 0.114737 0.081940
0 0.056316 0.160535 0.043158 0.030100
0 0.128947 0.175585 0.036842 0.040134
0 0.097895 0.139632 0.029474 0.035117
0 0.295263 0.184783 0.060000 0.051839
0 0.964737 0.571906 0.095789 0.123746
0 0.078947 0.290970 0.048421 0.056856
0 0.092105 0.322742 0.062105 0.050167
0 0.030526 0.284281 0.035789 0.073579
0 0.059474 0.822742 0.215789 0.187291
0 0.083158 0.378763 0.084211 0.065217
2 0.063684 0.258361 0.015789 0.048495
2 0.174737 0.264214 0.012632 0.050167
0 0.931513 0.826058 0.193172 0.186508
0 0.021857 0.362434 0.040799 0.076720
