0 0.037895 0.202341 0.040000 0.030100
0 0.440526 0.466555 0.118947 0.066890
0 0.903684 0.519231 0.114737 0.081940
0 0.055263 0.160535 0.043158 0.030100
0 0.129474 0.176421 0.035789 0.038462
0 0.097895 0.137960 0.029474 0.035117
0 0.295263 0.186455 0.060000 0.051839
0 0.964737 0.570234 0.095789 0.123746
0 0.080000 0.289298 0.048421 0.056856
0 0.092105 0.321070 0.062105 0.050167
0 0.031579 0.284281 0.035789 0.073579
0 0.083158 0.377090 0.080000 0.061873
2 0.060526 0.256689 0.015789 0.048495
2 0.175263 0.265050 0.013684 0.051839
0 0.911743 0.820933 0.192632 0.185619
0 0.021053 0.358696 0.040000 0.075251
0 0.051832 0.824735 0.150707 0.136243
