0 0.024211 0.194816 0.046316 0.035117
0 0.439474 0.466555 0.118947 0.066890
0 0.903684 0.519231 0.114737 0.081940
0 0.055263 0.160535 0.043158 0.030100
0 0.129474 0.178094 0.035789 0.038462
0 0.097895 0.137960 0.029474 0.035117
0 0.295263 0.184783 0.060000 0.051839
0 0.964737 0.571906 0.095789 0.123746
0 0.078947 0.285953 0.048421 0.056856
0 0.090526 0.313545 0.058947 0.048495
0 0.031579 0.274247 0.033684 0.070234
0 0.087368 0.359532 0.069474 0.053512
2 0.034211 0.257525 0.017895 0.053512
0 0.026316 0.339465 0.042105 0.080268
0 0.595789 0.825251 0.280000 0.182274
