0 0.020000 0.193144 0.046316 0.035117
0 0.440526 0.466555 0.118947 0.066890
0 0.903684 0.519231 0.114737 0.081940
0 0.056316 0.160535 0.043158 0.030100
0 0.129474 0.176421 0.035789 0.038462
0 0.096842 0.139632 0.029474 0.035117
0 0.295263 0.184783 0.060000 0.051839
0 0.964737 0.571906 0.095789 0.123746
0 0.078947 0.284281 0.048421 0.056856
0 0.091053 0.309365 0.062105 0.050167
0 0.031579 0.274247 0.033684 0.070234
0 0.087895 0.356187 0.066316 0.050167
2 0.027895 0.255853 0.017895 0.053512
0 0.027368 0.337793 0.042105 0.080268
0 0.516842 0.818562 0.294737 0.192308
