0 0.018947 0.193980 0.044211 0.033445
0 0.440526 0.466555 0.118947 0.066890
0 0.903684 0.519231 0.114737 0.081940
0 0.056316 0.160535 0.043158 0.030100
0 0.129474 0.176421 0.035789 0.038462
0 0.096842 0.139632 0.029474 0.035117
0 0.295263 0.184783 0.060000 0.051839
0 0.964737 0.571906 0.095789 0.123746
0 0.080000 0.284281 0.048421 0.056856
0 0.092105 0.309365 0.062105 0.050167
0 0.030526 0.274247 0.033684 0.070234
0 0.087895 0.356187 0.066316 0.050167
2 0.023684 0.255853 0.017895 0.053512
0 0.027368 0.334448 0.042105 0.080268
0 0.490526 0.820234 0.280000 0.182274
0 0.993544 0.826058 0.087427 0.125661
0 0.018110 0.400794 0.063280 0.068783
