0 0.017895 0.193980 0.044211 0.033445
0 0.440526 0.466555 0.118947 0.066890
0 0.903684 0.519231 0.114737 0.081940
0 0.056316 0.160535 0.045263 0.030100
0 0.130526 0.176421 0.035789 0.038462
0 0.096842 0.139632 0.029474 0.035117
0 0.295263 0.184783 0.060000 0.051839
0 0.964737 0.571906 0.095789 0.123746
0 0.078947 0.284281 0.048421 0.056856
0 0.091053 0.307692 0.062105 0.050167
0 0.031579 0.272575 0.033684 0.070234
0 0.087895 0.356187 0.066316 0.050167
2 0.023158 0.254181 0.016842 0.050167
0 0.027368 0.335284 0.040000 0.075251
0 0.488421 0.820234 0.280000 0.182274
0 0.993158 0.825251 0.087368 0.125418
0 0.017895 0.400502 0.063158 0.068562
