0 0.011579 0.190635 0.044211 0.033445
0 0.440526 0.466555 0.118947 0.066890
0 0.904737 0.519231 0.114737 0.081940
0 0.056316 0.160535 0.043158 0.030100
0 0.129474 0.178094 0.035789 0.038462
0 0.097895 0.137960 0.029474 0.035117
0 0.296316 0.184783 0.060000 0.051839
0 0.963684 0.570234 0.095789 0.123746
0 0.080000 0.280936 0.048421 0.056856
0 0.090526 0.306856 0.058947 0.048495
0 0.032632 0.272575 0.033684 0.070234
0 0.088947 0.351171 0.066316 0.050167
2 0.012105 0.258361 0.015789 0.048495
0 0.029474 0.331940 0.040000 0.075251
0 0.384211 0.826923 0.280000 0.182274
0 0.020526 0.393813 0.066316 0.071906
0 0.925789 0.824415 0.161053 0.157191
