0 0.009474 0.189799 0.046316 0.035117
0 0.440526 0.466555 0.118947 0.066890
0 0.904737 0.519231 0.114737 0.081940
0 0.055263 0.160535 0.043158 0.030100
0 0.129474 0.178094 0.035789 0.038462
0 0.097895 0.137960 0.029474 0.035117
0 0.294211 0.183110 0.060000 0.051839
0 0.963684 0.573579 0.095789 0.123746
0 0.078947 0.282609 0.048421 0.056856
0 0.091579 0.306856 0.058947 0.048495
0 0.032632 0.269231 0.033684 0.070234
0 0.088947 0.352843 0.066316 0.050167
2 0.008947 0.260033 0.015789 0.048495
0 0.029474 0.328595 0.040000 0.075251
0 0.350526 0.831940 0.294737 0.192308
0 0.020526 0.392140 0.066316 0.071906
0 0.906950 0.826058 0.199000 0.162698
