0 0.008421 0.188127 0.046316 0.035117
0 0.440526 0.466555 0.118947 0.066890
0 0.904737 0.519231 0.114737 0.081940
0 0.055263 0.160535 0.043158 0.030100
0 0.129474 0.178094 0.035789 0.038462
0 0.098947 0.137960 0.029474 0.035117
0 0.295263 0.183110 0.060000 0.051839
0 0.964737 0.570234 0.095789 0.123746
0 0.080000 0.280936 0.048421 0.056856
0 0.091579 0.305184 0.058947 0.048495
0 0.031579 0.269231 0.033684 0.070234
0 0.088947 0.349498 0.066316 0.050167
0 0.029474 0.328595 0.040000 0.075251
0 0.311579 0.838629 0.294737 0.192308
0 0.021053 0.390468 0.069474 0.075251
0 0.872105 0.823579 0.198947 0.162207
