0 0.007368 0.187291 0.044211 0.033445
0 0.439474 0.466555 0.118947 0.066890
0 0.904737 0.520903 0.114737 0.081940
0 0.056316 0.160535 0.043158 0.030100
0 0.129474 0.178094 0.035789 0.038462
0 0.098947 0.137960 0.029474 0.035117
0 0.295263 0.186455 0.060000 0.051839
0 0.964737 0.570234 0.095789 0.123746
0 0.078947 0.279264 0.048421 0.056856
0 0.091579 0.305184 0.058947 0.048495
0 0.032632 0.267559 0.033684 0.070234
0 0.088947 0.347826 0.066316 0.050167
0 0.029474 0.328595 0.040000 0.075251
0 0.271579 0.835284 0.280000 0.182274
0 0.022105 0.388796 0.069474 0.075251
0 0.861601 0.818425 0.208421 0.170569
