0 0.007368 0.187291 0.044211 0.033445
0 0.440526 0.466555 0.118947 0.066890
0 0.903684 0.519231 0.114737 0.081940
0 0.056316 0.160535 0.043158 0.030100
0 0.129474 0.176421 0.035789 0.038462
0 0.098947 0.137960 0.029474 0.035117
0 0.295263 0.186455 0.060000 0.051839
0 0.964737 0.573579 0.095789 0.123746
0 0.080000 0.277592 0.048421 0.056856
0 0.091053 0.302676 0.062105 0.050167
0 0.033684 0.267559 0.033684 0.070234
0 0.088947 0.347826 0.066316 0.050167
0 0.029474 0.326923 0.040000 0.075251
0 0.233684 0.838629 0.294737 0.192308
0 0.023158 0.387124 0.069474 0.075251
0 0.827368 0.816054 0.208421 0.170569
