0 0.440526 0.466555 0.118947 0.066890
0 0.903684 0.519231 0.114737 0.081940
0 0.056316 0.160535 0.043158 0.030100
0 0.130526 0.176421 0.035789 0.038462
0 0.096842 0.137960 0.029474 0.035117
0 0.295263 0.186455 0.060000 0.051839
0 0.964737 0.570234 0.095789 0.123746
0 0.078947 0.275920 0.048421 0.056856
0 0.092105 0.302676 0.062105 0.050167
0 0.032632 0.265886 0.033684 0.070234
0 0.088947 0.346154 0.066316 0.050167
0 0.030526 0.325251 0.040000 0.075251
0 0.197895 0.846990 0.294737 0.192308
0 0.023158 0.387124 0.069474 0.075251
0 0.790526 0.814381 0.208421 0.170569
