0 0.440526 0.466555 0.118947 0.066890
0 0.903684 0.519231 0.114737 0.081940
0 0.055263 0.160535 0.043158 0.030100
0 0.128421 0.176421 0.035789 0.038462
0 0.097895 0.137960 0.029474 0.035117
0 0.295263 0.186455 0.060000 0.051839
0 0.964737 0.570234 0.095789 0.123746
0 0.080000 0.277592 0.048421 0.056856
0 0.091053 0.299331 0.062105 0.050167
0 0.033684 0.265886 0.033684 0.070234
0 0.088421 0.345318 0.063158 0.048495
0 0.030526 0.323579 0.040000 0.075251
0 0.158947 0.845318 0.309474 0.202341
0 0.024211 0.383779 0.069474 0.075251
0 0.753684 0.811037 0.208421 0.170569
