0 0.441579 0.466555 0.118947 0.066890
0 0.904737 0.519231 0.114737 0.081940
0 0.056316 0.160535 0.045263 0.030100
0 0.129474 0.176421 0.035789 0.038462
0 0.097895 0.139632 0.029474 0.035117
0 0.296316 0.185619 0.057895 0.050167
0 0.964737 0.570234 0.095789 0.123746
0 0.080000 0.274247 0.048421 0.056856
0 0.091579 0.298495 0.058947 0.048495
0 0.034737 0.259197 0.033684 0.070234
0 0.089474 0.341973 0.063158 0.048495
0 0.030526 0.318562 0.037895 0.071906
0 0.024211 0.378763 0.069474 0.075251
0 0.608421 0.801003 0.208421 0.170569
0 0.061407 0.844577 0.189841 0.152116
