0 0.440526 0.466555 0.118947 0.066890
0 0.903684 0.519231 0.114737 0.081940
0 0.055263 0.160535 0.043158 0.030100
0 0.129474 0.176421 0.035789 0.038462
0 0.098947 0.137960 0.029474 0.035117
0 0.296316 0.185619 0.057895 0.050167
0 0.964737 0.573579 0.095789 0.123746
0 0.080000 0.269231 0.048421 0.056856
0 0.090526 0.296823 0.058947 0.048495
0 0.034737 0.255853 0.033684 0.070234
0 0.089474 0.340301 0.063158 0.048495
0 0.031579 0.315217 0.037895 0.071906
0 0.027368 0.375418 0.069474 0.075251
0 0.495789 0.793478 0.197895 0.162207
0 -0.050000 0.839465 0.180000 0.143813
