0 0.439474 0.466555 0.118947 0.066890
0 0.904737 0.519231 0.114737 0.081940
0 0.056316 0.160535 0.045263 0.030100
0 0.129474 0.178094 0.035789 0.038462
0 0.097895 0.137960 0.029474 0.035117
0 0.296316 0.185619 0.057895 0.050167
0 0.964737 0.571906 0.095789 0.123746
0 0.078947 0.265886 0.048421 0.056856
0 0.090526 0.295151 0.058947 0.048495
0 0.037368 0.252508 0.032632 0.066890
0 0.089474 0.338629 0.063158 0.048495
0 0.031579 0.313545 0.037895 0.071906
0 0.025789 0.370401 0.072632 0.078595
0 0.423158 0.790134 0.197895 0.162207
