0 0.440526 0.466555 0.118947 0.066890
0 0.903684 0.520903 0.114737 0.081940
0 0.056316 0.160535 0.045263 0.030100
0 0.129474 0.174749 0.035789 0.038462
0 0.097895 0.137960 0.029474 0.035117
0 0.296316 0.185619 0.057895 0.050167
0 0.964737 0.571906 0.095789 0.123746
0 0.078947 0.260870 0.046316 0.053512
0 0.090526 0.295151 0.058947 0.048495
0 0.037368 0.250836 0.030526 0.063545
0 0.089474 0.335284 0.063158 0.048495
0 0.032632 0.310201 0.037895 0.071906
0 0.026842 0.367057 0.076842 0.081940
0 0.346316 0.790134 0.197895 0.162207
