0 0.440526 0.466555 0.118947 0.066890
0 0.903684 0.519231 0.114737 0.081940
0 0.056316 0.162207 0.045263 0.030100
0 0.129474 0.176421 0.035789 0.038462
0 0.097895 0.139632 0.029474 0.035117
0 0.295263 0.185619 0.057895 0.050167
0 0.964737 0.570234 0.095789 0.123746
0 0.078947 0.257525 0.046316 0.053512
0 0.090526 0.291806 0.058947 0.048495
0 0.039474 0.244147 0.030526 0.063545
0 0.090526 0.333612 0.063158 0.048495
0 0.033684 0.306856 0.037895 0.071906
0 0.026316 0.364548 0.080000 0.086957
0 0.193684 0.793478 0.197895 0.162207
0 0.938174 0.315476 0.061615 0.070106
