0 0.439474 0.466555 0.118947 0.066890
0 0.903684 0.519231 0.114737 0.081940
0 0.056316 0.161371 0.041053 0.028428
0 0.129474 0.176421 0.035789 0.038462
0 0.098947 0.136288 0.029474 0.035117
0 0.295263 0.185619 0.057895 0.050167
0 0.964737 0.573579 0.095789 0.123746
0 0.079474 0.250000 0.043158 0.051839
0 0.090000 0.289298 0.053684 0.043478
0 0.040000 0.239130 0.029474 0.060201
0 0.090526 0.330268 0.063158 0.048495
0 0.034211 0.301839 0.036842 0.068562
0 0.027368 0.363712 0.084211 0.091973
0 0.035263 0.791806 0.217895 0.178930
0 0.966842 0.329431 0.064211 0.073579
