0 0.440526 0.464883 0.118947 0.066890
0 0.903684 0.519231 0.114737 0.081940
0 0.056316 0.159699 0.041053 0.028428
0 0.129474 0.176421 0.035789 0.038462
0 0.097895 0.137960 0.029474 0.035117
0 0.295263 0.185619 0.057895 0.050167
0 0.964737 0.571906 0.095789 0.123746
0 0.079474 0.244983 0.043158 0.051839
0 0.087895 0.285953 0.053684 0.043478
0 0.038947 0.235786 0.029474 0.060201
0 0.089474 0.326923 0.063158 0.048495
0 0.033684 0.300167 0.037895 0.071906
0 0.987895 0.341137 0.064211 0.073579
0 0.028947 0.347826 0.049474 0.056856
0 0.015789 0.396321 0.044211 0.066890
