0 0.440526 0.464883 0.118947 0.066890
0 0.903684 0.519231 0.114737 0.081940
0 0.056316 0.159699 0.041053 0.028428
0 0.129474 0.176421 0.035789 0.038462
0 0.097895 0.137960 0.029474 0.035117
0 0.295263 0.185619 0.057895 0.050167
0 0.964737 0.571906 0.095789 0.123746
0 0.079474 0.241639 0.043158 0.051839
0 0.087895 0.284281 0.053684 0.043478
0 0.040000 0.232441 0.029474 0.060201
0 0.089474 0.325251 0.063158 0.048495
0 0.033684 0.298495 0.037895 0.071906
0 0.994211 0.344482 0.064211 0.073579
0 0.030000 0.346154 0.049474 0.056856
0 0.017895 0.392977 0.044211 0.066890
