0 0.440526 0.464883 0.118947 0.066890
0 0.902632 0.519231 0.114737 0.081940
0 0.056316 0.159699 0.041053 0.028428
0 0.129474 0.176421 0.035789 0.038462
0 0.097895 0.137960 0.029474 0.035117
0 0.295263 0.185619 0.057895 0.050167
0 0.964737 0.570234 0.095789 0.123746
0 0.079474 0.238294 0.043158 0.051839
0 0.087368 0.280936 0.050526 0.040134
0 0.041053 0.227425 0.029474 0.060201
0 0.090526 0.323579 0.063158 0.048495
0 0.033684 0.293478 0.037895 0.071906
0 0.032105 0.339465 0.049474 0.056856
0 0.024211 0.384615 0.040000 0.060201
