0 0.440526 0.466555 0.118947 0.066890
0 0.901579 0.519231 0.114737 0.081940
0 0.056316 0.158027 0.041053 0.028428
0 0.129474 0.176421 0.035789 0.038462
0 0.096842 0.137960 0.029474 0.035117
0 0.295263 0.185619 0.057895 0.050167
0 0.965789 0.571906 0.095789 0.123746
0 0.078421 0.231605 0.043158 0.051839
0 0.086316 0.272575 0.050526 0.040134
0 0.042105 0.219064 0.027368 0.056856
0 0.090526 0.318562 0.063158 0.048495
0 0.035263 0.288462 0.036842 0.068562
0 0.033158 0.333612 0.047368 0.055184
0 0.022105 0.387960 0.065263 0.080268
