0 0.441579 0.468227 0.118947 0.066890
0 0.902632 0.520903 0.114737 0.081940
0 0.056316 0.158027 0.041053 0.028428
0 0.129474 0.176421 0.035789 0.038462
0 0.097895 0.137960 0.029474 0.035117
0 0.295263 0.187291 0.057895 0.050167
0 0.964737 0.571906 0.095789 0.123746
0 0.078421 0.226589 0.043158 0.051839
0 0.086316 0.270903 0.050526 0.040134
0 0.041053 0.215719 0.027368 0.056856
0 0.090526 0.316890 0.063158 0.048495
0 0.036316 0.286789 0.034737 0.065217
0 0.035263 0.330268 0.047368 0.055184
0 0.024737 0.384615 0.068421 0.083612
