0 0.441579 0.466555 0.118947 0.066890
0 0.902632 0.519231 0.114737 0.081940
0 0.056316 0.159699 0.041053 0.028428
0 0.129474 0.176421 0.035789 0.038462
0 0.097895 0.137960 0.029474 0.035117
0 0.294211 0.185619 0.057895 0.050167
0 0.964737 0.571906 0.095789 0.123746
0 0.077368 0.224916 0.043158 0.051839
0 0.085263 0.267559 0.050526 0.040134
0 0.041053 0.212375 0.027368 0.056856
0 0.090526 0.313545 0.063158 0.048495
0 0.035263 0.280100 0.034737 0.065217
0 0.035263 0.325251 0.047368 0.055184
0 0.026316 0.378763 0.071579 0.088629
