0 0.441579 0.468227 0.118947 0.066890
0 0.901579 0.519231 0.114737 0.081940
0 0.056316 0.159699 0.041053 0.028428
0 0.128421 0.176421 0.035789 0.038462
0 0.096842 0.139632 0.029474 0.035117
0 0.294211 0.185619 0.057895 0.050167
0 0.964737 0.571906 0.095789 0.123746
0 0.078421 0.220736 0.038947 0.046823
0 0.085263 0.264214 0.050526 0.040134
0 0.038947 0.210702 0.027368 0.056856
0 0.090526 0.310201 0.063158 0.048495
0 0.035263 0.278428 0.034737 0.065217
0 0.036316 0.320234 0.047368 0.055184
0 0.028421 0.375418 0.075789 0.091973
