0 0.441579 0.466555 0.118947 0.066890
0 0.901579 0.520903 0.114737 0.081940
0 0.056316 0.158027 0.041053 0.028428
0 0.128421 0.176421 0.035789 0.038462
0 0.097895 0.139632 0.029474 0.035117
0 0.295263 0.185619 0.057895 0.050167
0 0.965789 0.573579 0.095789 0.123746
0 0.077368 0.217391 0.038947 0.046823
0 0.084211 0.259197 0.050526 0.040134
0 0.037895 0.205686 0.027368 0.056856
0 0.090526 0.305184 0.063158 0.048495
0 0.036316 0.275084 0.034737 0.065217
0 0.037368 0.313545 0.045263 0.051839
0 0.030000 0.371237 0.078947 0.096990
