0 0.441579 0.466555 0.118947 0.066890
0 0.901579 0.519231 0.114737 0.081940
0 0.056316 0.158027 0.041053 0.028428
0 0.129474 0.176421 0.035789 0.038462
0 0.097895 0.137960 0.029474 0.035117
0 0.294211 0.183946 0.057895 0.050167
0 0.964737 0.571906 0.095789 0.123746
0 0.075263 0.209030 0.038947 0.046823
0 0.082105 0.250000 0.048421 0.038462
0 0.033158 0.198161 0.024211 0.048495
0 0.090526 0.296823 0.063158 0.048495
0 0.040526 0.266722 0.032632 0.061873
0 0.038421 0.301839 0.045263 0.051839
0 0.031053 0.362040 0.083158 0.102007
0 0.870526 0.250000 0.067368 0.038462
