0 0.441579 0.466555 0.118947 0.066890
0 0.902632 0.519231 0.114737 0.081940
0 0.056316 0.158027 0.041053 0.028428
0 0.129474 0.176421 0.035789 0.038462
0 0.097895 0.137960 0.029474 0.035117
0 0.295263 0.183946 0.057895 0.050167
0 0.963684 0.571906 0.095789 0.123746
0 0.075263 0.207358 0.038947 0.046823
0 0.082105 0.248328 0.048421 0.038462
0 0.030526 0.196488 0.025263 0.051839
0 0.088947 0.295151 0.060000 0.045151
0 0.041579 0.265050 0.032632 0.061873
0 0.038421 0.300167 0.045263 0.051839
0 0.031053 0.362040 0.083158 0.102007
0 0.885263 0.251672 0.050526 0.068562
