0 0.441579 0.468227 0.118947 0.066890
0 0.901579 0.519231 0.114737 0.081940
0 0.055263 0.158863 0.038947 0.026756
0 0.129474 0.178094 0.035789 0.038462
0 0.097895 0.137960 0.029474 0.035117
0 0.295263 0.185619 0.057895 0.050167
0 0.964737 0.571906 0.095789 0.123746
0 0.073158 0.204013 0.036842 0.043478
0 0.081053 0.241639 0.048421 0.038462
0 0.028421 0.194816 0.025263 0.051839
0 0.090000 0.288462 0.060000 0.045151
0 0.042632 0.261706 0.032632 0.061873
0 0.038421 0.293478 0.045263 0.051839
0 0.032105 0.358696 0.083158 0.102007
0 0.919543 0.271938 0.050526 0.068562
