0 0.441579 0.468227 0.118947 0.066890
0 0.900526 0.519231 0.114737 0.081940
0 0.056316 0.158027 0.041053 0.028428
0 0.129474 0.176421 0.035789 0.038462
0 0.097895 0.137960 0.029474 0.035117
0 0.295263 0.185619 0.057895 0.050167
0 0.964737 0.570234 0.095789 0.123746
0 0.070000 0.198997 0.036842 0.043478
0 0.081053 0.234950 0.048421 0.038462
0 0.016316 0.190635 0.022105 0.046823
0 0.087895 0.278428 0.060000 0.045151
0 0.043684 0.253344 0.032632 0.061873
0 0.039474 0.283445 0.045263 0.051839
0 0.033158 0.352007 0.083158 0.102007
0 0.994737 0.291806 0.054737 0.075251
0 0.846842 0.799331 0.188421 0.113712
