0 0.441579 0.468227 0.118947 0.066890
0 0.900526 0.519231 0.114737 0.081940
0 0.056316 0.158027 0.041053 0.028428
0 0.129474 0.176421 0.035789 0.038462
0 0.096842 0.137960 0.029474 0.035117
0 0.295263 0.185619 0.057895 0.050167
0 0.963684 0.570234 0.095789 0.123746
0 0.068947 0.197324 0.036842 0.043478
0 0.081053 0.233278 0.048421 0.038462
0 0.014211 0.188963 0.022105 0.046823
0 0.088421 0.277592 0.056842 0.043478
0 0.044737 0.253344 0.032632 0.061873
0 0.039474 0.281773 0.045263 0.051839
0 0.034211 0.352007 0.083158 0.102007
0 0.990526 0.300167 0.054737 0.075251
0 0.781053 0.796823 0.197895 0.118729
0 0.737839 0.215781 0.049474 0.048495
