0 0.440526 0.468227 0.118947 0.066890
0 0.900526 0.519231 0.114737 0.081940
0 0.054737 0.158027 0.042105 0.028428
0 0.129474 0.176421 0.035789 0.038462
0 0.096842 0.137960 0.029474 0.035117
0 0.294211 0.185619 0.057895 0.050167
0 0.964737 0.570234 0.095789 0.123746
0 0.067895 0.195652 0.036842 0.043478
0 0.081053 0.233278 0.048421 0.038462
0 0.014211 0.187291 0.022105 0.046823
0 0.088421 0.275920 0.056842 0.043478
0 0.043684 0.251672 0.032632 0.061873
0 0.040526 0.281773 0.045263 0.051839
0 0.033158 0.352007 0.083158 0.102007
0 0.991579 0.300167 0.052632 0.071906
0 0.780526 0.794314 0.188421 0.113712
0 0.737368 0.214883 0.049474 0.048495
