0 0.441579 0.468227 0.118947 0.066890
0 0.899474 0.520903 0.114737 0.081940
0 0.056316 0.158027 0.041053 0.028428
0 0.129474 0.174749 0.035789 0.038462
0 0.097895 0.137960 0.029474 0.035117
0 0.294211 0.183946 0.057895 0.050167
0 0.963684 0.571906 0.095789 0.123746
0 0.060526 0.188963 0.036842 0.043478
0 0.078947 0.222408 0.046316 0.036789
0 0.087368 0.264214 0.056842 0.043478
0 0.048421 0.244983 0.031579 0.058528
0 0.040000 0.272575 0.042105 0.050167
0 0.510000 0.775084 0.171579 0.102007
0 0.031579 0.326087 0.048421 0.063545
0 0.018421 0.378763 0.032632 0.081940
