0 0.441579 0.468227 0.118947 0.066890
0 0.899474 0.519231 0.114737 0.081940
0 0.056316 0.158027 0.041053 0.028428
0 0.129474 0.174749 0.035789 0.038462
0 0.096842 0.137960 0.029474 0.035117
0 0.295263 0.183946 0.057895 0.050167
0 0.963684 0.571906 0.095789 0.123746
0 0.058947 0.188963 0.033684 0.040134
0 0.078947 0.219064 0.046316 0.036789
0 0.087368 0.260870 0.056842 0.043478
0 0.048421 0.243311 0.031579 0.058528
0 0.041579 0.269231 0.041053 0.046823
0 0.447895 0.768395 0.171579 0.102007
0 0.032632 0.322742 0.048421 0.063545
0 0.020526 0.373746 0.034737 0.085284
