0 0.440000 0.466555 0.124211 0.070234
0 0.898421 0.520903 0.114737 0.081940
0 0.055263 0.158027 0.041053 0.028428
0 0.128421 0.176421 0.035789 0.038462
0 0.096842 0.137960 0.029474 0.035117
0 0.295263 0.185619 0.057895 0.050167
0 0.963684 0.570234 0.095789 0.123746
0 0.050526 0.185619 0.033684 0.040134
0 0.075263 0.210702 0.041053 0.033445
0 0.086842 0.250000 0.051579 0.038462
0 0.051579 0.236622 0.029474 0.055184
0 0.041579 0.264214 0.041053 0.046823
0 0.226842 0.761706 0.188421 0.112040
0 0.034737 0.316054 0.048421 0.063545
0 0.018947 0.365385 0.046316 0.085284
0 0.887895 0.260870 0.060000 0.043478
