0 0.440526 0.468227 0.118947 0.066890
0 0.898421 0.520903 0.114737 0.081940
0 0.056316 0.158027 0.041053 0.028428
0 0.129474 0.176421 0.035789 0.038462
0 0.096842 0.136288 0.029474 0.035117
0 0.295263 0.185619 0.057895 0.050167
0 0.963684 0.570234 0.095789 0.123746
0 0.045263 0.182274 0.033684 0.040134
0 0.074737 0.206522 0.040000 0.031773
0 0.085789 0.245819 0.049474 0.036789
0 0.051579 0.233278 0.029474 0.055184
0 0.042632 0.260870 0.041053 0.046823
0 0.099474 0.760870 0.180000 0.107023
0 0.035789 0.311037 0.048421 0.063545
0 0.021053 0.358696 0.046316 0.085284
0 0.932183 0.280162 0.066316 0.046823
