0 0.439474 0.468227 0.118947 0.066890
0 0.899474 0.519231 0.114737 0.081940
0 0.056316 0.158863 0.038947 0.026756
0 0.129474 0.176421 0.035789 0.038462
0 0.098947 0.136288 0.029474 0.035117
0 0.295263 0.185619 0.057895 0.050167
0 0.963684 0.571906 0.095789 0.123746
0 0.044211 0.183946 0.033684 0.040134
0 0.074211 0.205686 0.041053 0.033445
0 0.086316 0.244983 0.046316 0.035117
0 0.052632 0.233278 0.029474 0.055184
0 0.042632 0.260870 0.041053 0.046823
0 0.063684 0.763378 0.188421 0.112040
0 0.035789 0.309365 0.048421 0.063545
0 0.022105 0.355351 0.046316 0.085284
0 0.948421 0.283445 0.069474 0.048495
