0 0.440526 0.466555 0.118947 0.066890
0 0.898421 0.520903 0.114737 0.081940
0 0.056316 0.158027 0.041053 0.028428
0 0.129474 0.178094 0.035789 0.038462
0 0.097895 0.139632 0.029474 0.035117
0 0.294211 0.185619 0.057895 0.050167
0 0.964737 0.571906 0.095789 0.123746
0 0.042105 0.182274 0.033684 0.040134
0 0.073158 0.204013 0.041053 0.033445
0 0.084737 0.242475 0.049474 0.036789
0 0.052632 0.229933 0.029474 0.055184
0 0.042632 0.260870 0.041053 0.046823
0 0.037895 0.306020 0.048421 0.063545
0 0.023684 0.350334 0.049474 0.088629
0 0.970526 0.291806 0.069474 0.048495
