0 0.440526 0.466555 0.118947 0.066890
0 0.898421 0.520903 0.114737 0.081940
0 0.055263 0.158027 0.041053 0.028428
0 0.129474 0.178094 0.035789 0.038462
0 0.097895 0.139632 0.029474 0.035117
0 0.295263 0.185619 0.057895 0.050167
0 0.964737 0.571906 0.095789 0.123746
0 0.036842 0.182274 0.033684 0.040134
0 0.070000 0.202341 0.041053 0.033445
0 0.085263 0.238294 0.046316 0.035117
0 0.054737 0.229933 0.029474 0.055184
0 0.042632 0.257525 0.041053 0.046823
0 0.038947 0.304348 0.048421 0.063545
0 0.024737 0.346154 0.051579 0.093645
0 1.004211 0.303512 0.069474 0.048495
