0 0.440526 0.466555 0.118947 0.066890
0 0.896842 0.520903 0.120000 0.085284
0 0.055263 0.159699 0.041053 0.028428
0 0.129474 0.176421 0.035789 0.038462
0 0.097895 0.137960 0.029474 0.035117
0 0.295263 0.185619 0.057895 0.050167
0 0.963684 0.571906 0.095789 0.123746
0 0.024737 0.176421 0.034737 0.041806
0 0.062632 0.197324 0.041053 0.033445
0 0.085263 0.229933 0.042105 0.031773
0 0.058947 0.221572 0.029474 0.055184
0 0.043684 0.256689 0.038947 0.045151
0 0.043158 0.291806 0.044211 0.058528
0 0.030000 0.331940 0.049474 0.088629
