0 0.440526 0.466555 0.118947 0.066890
0 0.897895 0.519231 0.120000 0.085284
0 0.055263 0.159699 0.041053 0.028428
0 0.128421 0.176421 0.035789 0.038462
0 0.097895 0.137960 0.029474 0.035117
0 0.295263 0.185619 0.057895 0.050167
0 0.963684 0.571906 0.095789 0.123746
0 0.022632 0.176421 0.034737 0.041806
0 0.059474 0.193980 0.041053 0.033445
0 0.084211 0.227425 0.044211 0.033445
0 0.058947 0.218227 0.029474 0.055184
0 0.043684 0.255017 0.038947 0.045151
0 0.044211 0.290134 0.044211 0.058528
0 0.032105 0.326923 0.049474 0.088629
