0 0.441579 0.466555 0.118947 0.066890
0 0.895789 0.517559 0.120000 0.085284
0 0.054211 0.159699 0.041053 0.028428
0 0.129474 0.176421 0.035789 0.038462
0 0.097895 0.137960 0.029474 0.035117
0 0.294211 0.185619 0.057895 0.050167
0 0.963684 0.570234 0.095789 0.123746
0 0.021579 0.176421 0.034737 0.041806
0 0.049474 0.191472 0.042105 0.035117
0 0.083158 0.223244 0.042105 0.031773
0 0.060000 0.214883 0.029474 0.055184
0 0.044737 0.253344 0.038947 0.045151
0 0.045263 0.282609 0.046316 0.060201
0 0.033158 0.318562 0.049474 0.088629
0 -0.002632 0.387960 0.087368 0.056856
