0 0.440526 0.466555 0.118947 0.066890
0 0.896842 0.520903 0.120000 0.085284
0 0.054211 0.158027 0.041053 0.028428
0 0.129474 0.176421 0.035789 0.038462
0 0.097895 0.136288 0.029474 0.035117
0 0.295263 0.185619 0.057895 0.050167
0 0.962632 0.573579 0.095789 0.123746
0 0.078947 0.200669 0.040000 0.030100
0 0.057895 0.186455 0.029474 0.055184
0 0.046316 0.244147 0.040000 0.046823
0 0.052105 0.254181 0.043158 0.056856
0 0.047368 0.283445 0.040000 0.071906
0 0.032105 0.331104 0.045263 0.060201
0 0.955898 0.819398 0.153901 0.147157
