0 0.440526 0.464883 0.118947 0.066890
0 0.896842 0.519231 0.120000 0.085284
0 0.054211 0.158027 0.041053 0.028428
0 0.129474 0.178094 0.035789 0.038462
0 0.097895 0.137960 0.029474 0.035117
0 0.296316 0.187291 0.057895 0.050167
0 0.962632 0.570234 0.095789 0.123746
0 0.076842 0.198161 0.037895 0.028428
0 0.055789 0.184783 0.029474 0.055184
0 0.048947 0.241639 0.038947 0.045151
0 0.052105 0.250836 0.043158 0.056856
0 0.047368 0.281773 0.040000 0.071906
0 0.034211 0.327759 0.045263 0.060201
0 0.862105 0.825251 0.221053 0.162207
0 0.017694 0.209656 0.042464 0.083333
