0 0.441579 0.466555 0.118947 0.066890
0 0.895789 0.520903 0.120000 0.085284
0 0.054211 0.158027 0.041053 0.028428
0 0.129474 0.176421 0.035789 0.038462
0 0.097895 0.137960 0.029474 0.035117
0 0.295263 0.185619 0.057895 0.050167
0 0.962632 0.571906 0.095789 0.123746
0 0.075789 0.193144 0.042105 0.031773
0 0.050526 0.178094 0.029474 0.055184
0 0.047895 0.238294 0.038947 0.045151
0 0.053158 0.247492 0.043158 0.056856
0 0.048421 0.278428 0.037895 0.068562
0 0.035263 0.319398 0.045263 0.060201
0 0.612105 0.836120 0.234737 0.160535
0 0.020000 0.204849 0.042105 0.081940
