0 0.441579 0.466555 0.118947 0.066890
0 0.895789 0.519231 0.120000 0.085284
0 0.054211 0.158027 0.041053 0.028428
0 0.129474 0.176421 0.035789 0.038462
0 0.097895 0.137960 0.029474 0.035117
0 0.295263 0.185619 0.057895 0.050167
0 0.962632 0.570234 0.095789 0.123746
0 0.073684 0.192308 0.044211 0.033445
0 0.048947 0.236622 0.038947 0.045151
0 0.053158 0.247492 0.043158 0.056856
0 0.048421 0.276756 0.037895 0.068562
0 0.037368 0.317726 0.043158 0.056856
0 0.534737 0.841137 0.223158 0.153846
0 0.020000 0.203177 0.042105 0.081940
