0 0.441579 0.466555 0.118947 0.066890
0 0.895789 0.519231 0.120000 0.085284
0 0.053158 0.158863 0.038947 0.026756
0 0.129474 0.174749 0.035789 0.038462
0 0.097895 0.137960 0.029474 0.035117
0 0.295263 0.185619 0.057895 0.050167
0 0.962632 0.573579 0.095789 0.123746
0 0.069474 0.187291 0.044211 0.033445
0 0.048947 0.234950 0.036842 0.041806
0 0.053158 0.244147 0.043158 0.056856
0 0.050000 0.273411 0.036842 0.065217
0 0.038421 0.314381 0.043158 0.056856
0 0.247368 0.856187 0.223158 0.153846
0 0.024211 0.199833 0.042105 0.081940
